Element_Number	Nodes			
1	1	2	93	92
2	2	3	94	93
3	3	4	95	94
4	4	5	96	95
5	5	6	97	96
6	6	7	98	97
7	7	8	99	98
8	8	9	100	99
9	9	10	101	100
10	10	11	102	101
11	11	12	103	102
12	12	13	104	103
13	13	14	105	104
14	14	15	106	105
15	15	16	107	106
16	16	17	108	107
17	17	18	109	108
18	18	19	110	109
19	19	20	111	110
20	20	21	112	111
21	21	22	113	112
22	22	23	114	113
23	23	24	115	114
24	24	25	116	115
25	25	26	117	116
26	26	27	118	117
27	27	28	119	118
28	28	29	120	119
29	29	30	121	120
30	30	31	122	121
31	31	32	123	122
32	32	33	124	123
33	33	34	125	124
34	34	35	126	125
35	35	36	127	126
36	36	37	128	127
37	37	38	129	128
38	38	39	130	129
39	39	40	131	130
40	40	41	132	131
41	41	42	133	132
42	42	43	134	133
43	43	44	135	134
44	44	45	136	135
45	45	46	137	136
46	46	47	138	137
47	47	48	139	138
48	48	49	140	139
49	49	50	141	140
50	50	51	142	141
51	51	52	143	142
52	52	53	144	143
53	53	54	145	144
54	54	55	146	145
55	55	56	147	146
56	56	57	148	147
57	57	58	149	148
58	58	59	150	149
59	59	60	151	150
60	60	61	152	151
61	61	62	153	152
62	62	63	154	153
63	63	64	155	154
64	64	65	156	155
65	65	66	157	156
66	66	67	158	157
67	67	68	159	158
68	68	69	160	159
69	69	70	161	160
70	70	71	162	161
71	71	72	163	162
72	72	73	164	163
73	73	74	165	164
74	74	75	166	165
75	75	76	167	166
76	76	77	168	167
77	77	78	169	168
78	78	79	170	169
79	79	80	171	170
80	80	81	172	171
81	81	82	173	172
82	82	83	174	173
83	83	84	175	174
84	84	85	176	175
85	85	86	177	176
86	86	87	178	177
87	87	88	179	178
88	88	89	180	179
89	89	90	181	180
90	90	91	182	181
91	92	93	184	183
92	93	94	185	184
93	94	95	186	185
94	95	96	187	186
95	96	97	188	187
96	97	98	189	188
97	98	99	190	189
98	99	100	191	190
99	100	101	192	191
100	101	102	193	192
101	102	103	194	193
102	103	104	195	194
103	104	105	196	195
104	105	106	197	196
105	106	107	198	197
106	107	108	199	198
107	108	109	200	199
108	109	110	201	200
109	110	111	202	201
110	111	112	203	202
111	112	113	204	203
112	113	114	205	204
113	114	115	206	205
114	115	116	207	206
115	116	117	208	207
116	117	118	209	208
117	118	119	210	209
118	119	120	211	210
119	120	121	212	211
120	121	122	213	212
121	122	123	214	213
122	123	124	215	214
123	124	125	216	215
124	125	126	217	216
125	126	127	218	217
126	127	128	219	218
127	128	129	220	219
128	129	130	221	220
129	130	131	222	221
130	131	132	223	222
131	132	133	224	223
132	133	134	225	224
133	134	135	226	225
134	135	136	227	226
135	136	137	228	227
136	137	138	229	228
137	138	139	230	229
138	139	140	231	230
139	140	141	232	231
140	141	142	233	232
141	142	143	234	233
142	143	144	235	234
143	144	145	236	235
144	145	146	237	236
145	146	147	238	237
146	147	148	239	238
147	148	149	240	239
148	149	150	241	240
149	150	151	242	241
150	151	152	243	242
151	152	153	244	243
152	153	154	245	244
153	154	155	246	245
154	155	156	247	246
155	156	157	248	247
156	157	158	249	248
157	158	159	250	249
158	159	160	251	250
159	160	161	252	251
160	161	162	253	252
161	162	163	254	253
162	163	164	255	254
163	164	165	256	255
164	165	166	257	256
165	166	167	258	257
166	167	168	259	258
167	168	169	260	259
168	169	170	261	260
169	170	171	262	261
170	171	172	263	262
171	172	173	264	263
172	173	174	265	264
173	174	175	266	265
174	175	176	267	266
175	176	177	268	267
176	177	178	269	268
177	178	179	270	269
178	179	180	271	270
179	180	181	272	271
180	181	182	273	272
181	183	184	275	274
182	184	185	276	275
183	185	186	277	276
184	186	187	278	277
185	187	188	279	278
186	188	189	280	279
187	189	190	281	280
188	190	191	282	281
189	191	192	283	282
190	192	193	284	283
191	193	194	285	284
192	194	195	286	285
193	195	196	287	286
194	196	197	288	287
195	197	198	289	288
196	198	199	290	289
197	199	200	291	290
198	200	201	292	291
199	201	202	293	292
200	202	203	294	293
201	203	204	295	294
202	204	205	296	295
203	205	206	297	296
204	206	207	298	297
205	207	208	299	298
206	208	209	300	299
207	209	210	301	300
208	210	211	302	301
209	211	212	303	302
210	212	213	304	303
211	213	214	305	304
212	214	215	306	305
213	215	216	307	306
214	216	217	308	307
215	217	218	309	308
216	218	219	310	309
217	219	220	311	310
218	220	221	312	311
219	221	222	313	312
220	222	223	314	313
221	223	224	315	314
222	224	225	316	315
223	225	226	317	316
224	226	227	318	317
225	227	228	319	318
226	228	229	320	319
227	229	230	321	320
228	230	231	322	321
229	231	232	323	322
230	232	233	324	323
231	233	234	325	324
232	234	235	326	325
233	235	236	327	326
234	236	237	328	327
235	237	238	329	328
236	238	239	330	329
237	239	240	331	330
238	240	241	332	331
239	241	242	333	332
240	242	243	334	333
241	243	244	335	334
242	244	245	336	335
243	245	246	337	336
244	246	247	338	337
245	247	248	339	338
246	248	249	340	339
247	249	250	341	340
248	250	251	342	341
249	251	252	343	342
250	252	253	344	343
251	253	254	345	344
252	254	255	346	345
253	255	256	347	346
254	256	257	348	347
255	257	258	349	348
256	258	259	350	349
257	259	260	351	350
258	260	261	352	351
259	261	262	353	352
260	262	263	354	353
261	263	264	355	354
262	264	265	356	355
263	265	266	357	356
264	266	267	358	357
265	267	268	359	358
266	268	269	360	359
267	269	270	361	360
268	270	271	362	361
269	271	272	363	362
270	272	273	364	363
271	274	275	366	365
272	275	276	367	366
273	276	277	368	367
274	277	278	369	368
275	278	279	370	369
276	279	280	371	370
277	280	281	372	371
278	281	282	373	372
279	282	283	374	373
280	283	284	375	374
281	284	285	376	375
282	285	286	377	376
283	286	287	378	377
284	287	288	379	378
285	288	289	380	379
286	289	290	381	380
287	290	291	382	381
288	291	292	383	382
289	292	293	384	383
290	293	294	385	384
291	294	295	386	385
292	295	296	387	386
293	296	297	388	387
294	297	298	389	388
295	298	299	390	389
296	299	300	391	390
297	300	301	392	391
298	301	302	393	392
299	302	303	394	393
300	303	304	395	394
301	304	305	396	395
302	305	306	397	396
303	306	307	398	397
304	307	308	399	398
305	308	309	400	399
306	309	310	401	400
307	310	311	402	401
308	311	312	403	402
309	312	313	404	403
310	313	314	405	404
311	314	315	406	405
312	315	316	407	406
313	316	317	408	407
314	317	318	409	408
315	318	319	410	409
316	319	320	411	410
317	320	321	412	411
318	321	322	413	412
319	322	323	414	413
320	323	324	415	414
321	324	325	416	415
322	325	326	417	416
323	326	327	418	417
324	327	328	419	418
325	328	329	420	419
326	329	330	421	420
327	330	331	422	421
328	331	332	423	422
329	332	333	424	423
330	333	334	425	424
331	334	335	426	425
332	335	336	427	426
333	336	337	428	427
334	337	338	429	428
335	338	339	430	429
336	339	340	431	430
337	340	341	432	431
338	341	342	433	432
339	342	343	434	433
340	343	344	435	434
341	344	345	436	435
342	345	346	437	436
343	346	347	438	437
344	347	348	439	438
345	348	349	440	439
346	349	350	441	440
347	350	351	442	441
348	351	352	443	442
349	352	353	444	443
350	353	354	445	444
351	354	355	446	445
352	355	356	447	446
353	356	357	448	447
354	357	358	449	448
355	358	359	450	449
356	359	360	451	450
357	360	361	452	451
358	361	362	453	452
359	362	363	454	453
360	363	364	455	454
361	365	366	457	456
362	366	367	458	457
363	367	368	459	458
364	368	369	460	459
365	369	370	461	460
366	370	371	462	461
367	371	372	463	462
368	372	373	464	463
369	373	374	465	464
370	374	375	466	465
371	375	376	467	466
372	376	377	468	467
373	377	378	469	468
374	378	379	470	469
375	379	380	471	470
376	380	381	472	471
377	381	382	473	472
378	382	383	474	473
379	383	384	475	474
380	384	385	476	475
381	385	386	477	476
382	386	387	478	477
383	387	388	479	478
384	388	389	480	479
385	389	390	481	480
386	390	391	482	481
387	391	392	483	482
388	392	393	484	483
389	393	394	485	484
390	394	395	486	485
391	395	396	487	486
392	396	397	488	487
393	397	398	489	488
394	398	399	490	489
395	399	400	491	490
396	400	401	492	491
397	401	402	493	492
398	402	403	494	493
399	403	404	495	494
400	404	405	496	495
401	405	406	497	496
402	406	407	498	497
403	407	408	499	498
404	408	409	500	499
405	409	410	501	500
406	410	411	502	501
407	411	412	503	502
408	412	413	504	503
409	413	414	505	504
410	414	415	506	505
411	415	416	507	506
412	416	417	508	507
413	417	418	509	508
414	418	419	510	509
415	419	420	511	510
416	420	421	512	511
417	421	422	513	512
418	422	423	514	513
419	423	424	515	514
420	424	425	516	515
421	425	426	517	516
422	426	427	518	517
423	427	428	519	518
424	428	429	520	519
425	429	430	521	520
426	430	431	522	521
427	431	432	523	522
428	432	433	524	523
429	433	434	525	524
430	434	435	526	525
431	435	436	527	526
432	436	437	528	527
433	437	438	529	528
434	438	439	530	529
435	439	440	531	530
436	440	441	532	531
437	441	442	533	532
438	442	443	534	533
439	443	444	535	534
440	444	445	536	535
441	445	446	537	536
442	446	447	538	537
443	447	448	539	538
444	448	449	540	539
445	449	450	541	540
446	450	451	542	541
447	451	452	543	542
448	452	453	544	543
449	453	454	545	544
450	454	455	546	545
451	456	457	548	547
452	457	458	549	548
453	458	459	550	549
454	459	460	551	550
455	460	461	552	551
456	461	462	553	552
457	462	463	554	553
458	463	464	555	554
459	464	465	556	555
460	465	466	557	556
461	466	467	558	557
462	467	468	559	558
463	468	469	560	559
464	469	470	561	560
465	470	471	562	561
466	471	472	563	562
467	472	473	564	563
468	473	474	565	564
469	474	475	566	565
470	475	476	567	566
471	476	477	568	567
472	477	478	569	568
473	478	479	570	569
474	479	480	571	570
475	480	481	572	571
476	481	482	573	572
477	482	483	574	573
478	483	484	575	574
479	484	485	576	575
480	485	486	577	576
481	486	487	578	577
482	487	488	579	578
483	488	489	580	579
484	489	490	581	580
485	490	491	582	581
486	491	492	583	582
487	492	493	584	583
488	493	494	585	584
489	494	495	586	585
490	495	496	587	586
491	496	497	588	587
492	497	498	589	588
493	498	499	590	589
494	499	500	591	590
495	500	501	592	591
496	501	502	593	592
497	502	503	594	593
498	503	504	595	594
499	504	505	596	595
500	505	506	597	596
501	506	507	598	597
502	507	508	599	598
503	508	509	600	599
504	509	510	601	600
505	510	511	602	601
506	511	512	603	602
507	512	513	604	603
508	513	514	605	604
509	514	515	606	605
510	515	516	607	606
511	516	517	608	607
512	517	518	609	608
513	518	519	610	609
514	519	520	611	610
515	520	521	612	611
516	521	522	613	612
517	522	523	614	613
518	523	524	615	614
519	524	525	616	615
520	525	526	617	616
521	526	527	618	617
522	527	528	619	618
523	528	529	620	619
524	529	530	621	620
525	530	531	622	621
526	531	532	623	622
527	532	533	624	623
528	533	534	625	624
529	534	535	626	625
530	535	536	627	626
531	536	537	628	627
532	537	538	629	628
533	538	539	630	629
534	539	540	631	630
535	540	541	632	631
536	541	542	633	632
537	542	543	634	633
538	543	544	635	634
539	544	545	636	635
540	545	546	637	636
541	547	548	639	638
542	548	549	640	639
543	549	550	641	640
544	550	551	642	641
545	551	552	643	642
546	552	553	644	643
547	553	554	645	644
548	554	555	646	645
549	555	556	647	646
550	556	557	648	647
551	557	558	649	648
552	558	559	650	649
553	559	560	651	650
554	560	561	652	651
555	561	562	653	652
556	562	563	654	653
557	563	564	655	654
558	564	565	656	655
559	565	566	657	656
560	566	567	658	657
561	567	568	659	658
562	568	569	660	659
563	569	570	661	660
564	570	571	662	661
565	571	572	663	662
566	572	573	664	663
567	573	574	665	664
568	574	575	666	665
569	575	576	667	666
570	576	577	668	667
571	577	578	669	668
572	578	579	670	669
573	579	580	671	670
574	580	581	672	671
575	581	582	673	672
576	582	583	674	673
577	583	584	675	674
578	584	585	676	675
579	585	586	677	676
580	586	587	678	677
581	587	588	679	678
582	588	589	680	679
583	589	590	681	680
584	590	591	682	681
585	591	592	683	682
586	592	593	684	683
587	593	594	685	684
588	594	595	686	685
589	595	596	687	686
590	596	597	688	687
591	597	598	689	688
592	598	599	690	689
593	599	600	691	690
594	600	601	692	691
595	601	602	693	692
596	602	603	694	693
597	603	604	695	694
598	604	605	696	695
599	605	606	697	696
600	606	607	698	697
601	638	639	700	699
602	639	640	701	700
603	640	641	702	701
604	641	642	703	702
605	642	643	704	703
606	643	644	705	704
607	644	645	706	705
608	645	646	707	706
609	646	647	708	707
610	647	648	709	708
611	648	649	710	709
612	649	650	711	710
613	650	651	712	711
614	651	652	713	712
615	652	653	714	713
616	653	654	715	714
617	654	655	716	715
618	655	656	717	716
619	656	657	718	717
620	657	658	719	718
621	658	659	720	719
622	659	660	721	720
623	660	661	722	721
624	661	662	723	722
625	662	663	724	723
626	663	664	725	724
627	664	665	726	725
628	665	666	727	726
629	666	667	728	727
630	667	668	729	728
631	668	669	730	729
632	669	670	731	730
633	670	671	732	731
634	671	672	733	732
635	672	673	734	733
636	673	674	735	734
637	674	675	736	735
638	675	676	737	736
639	676	677	738	737
640	677	678	739	738
641	678	679	740	739
642	679	680	741	740
643	680	681	742	741
644	681	682	743	742
645	682	683	744	743
646	683	684	745	744
647	684	685	746	745
648	685	686	747	746
649	686	687	748	747
650	687	688	749	748
651	688	689	750	749
652	689	690	751	750
653	690	691	752	751
654	691	692	753	752
655	692	693	754	753
656	693	694	755	754
657	694	695	756	755
658	695	696	757	756
659	696	697	758	757
660	697	698	759	758
661	699	700	761	760
662	700	701	762	761
663	701	702	763	762
664	702	703	764	763
665	703	704	765	764
666	704	705	766	765
667	705	706	767	766
668	706	707	768	767
669	707	708	769	768
670	708	709	770	769
671	709	710	771	770
672	710	711	772	771
673	711	712	773	772
674	712	713	774	773
675	713	714	775	774
676	714	715	776	775
677	715	716	777	776
678	716	717	778	777
679	717	718	779	778
680	718	719	780	779
681	719	720	781	780
682	720	721	782	781
683	721	722	783	782
684	722	723	784	783
685	723	724	785	784
686	724	725	786	785
687	725	726	787	786
688	726	727	788	787
689	727	728	789	788
690	728	729	790	789
691	729	730	791	790
692	730	731	792	791
693	731	732	793	792
694	732	733	794	793
695	733	734	795	794
696	734	735	796	795
697	735	736	797	796
698	736	737	798	797
699	737	738	799	798
700	738	739	800	799
701	739	740	801	800
702	740	741	802	801
703	741	742	803	802
704	742	743	804	803
705	743	744	805	804
706	744	745	806	805
707	745	746	807	806
708	746	747	808	807
709	747	748	809	808
710	748	749	810	809
711	749	750	811	810
712	750	751	812	811
713	751	752	813	812
714	752	753	814	813
715	753	754	815	814
716	754	755	816	815
717	755	756	817	816
718	756	757	818	817
719	757	758	819	818
720	758	759	820	819
721	760	761	822	821
722	761	762	823	822
723	762	763	824	823
724	763	764	825	824
725	764	765	826	825
726	765	766	827	826
727	766	767	828	827
728	767	768	829	828
729	768	769	830	829
730	769	770	831	830
731	770	771	832	831
732	771	772	833	832
733	772	773	834	833
734	773	774	835	834
735	774	775	836	835
736	775	776	837	836
737	776	777	838	837
738	777	778	839	838
739	778	779	840	839
740	779	780	841	840
741	780	781	842	841
742	781	782	843	842
743	782	783	844	843
744	783	784	845	844
745	784	785	846	845
746	785	786	847	846
747	786	787	848	847
748	787	788	849	848
749	788	789	850	849
750	789	790	851	850
751	790	791	852	851
752	791	792	853	852
753	792	793	854	853
754	793	794	855	854
755	794	795	856	855
756	795	796	857	856
757	796	797	858	857
758	797	798	859	858
759	798	799	860	859
760	799	800	861	860
761	800	801	862	861
762	801	802	863	862
763	802	803	864	863
764	803	804	865	864
765	804	805	866	865
766	805	806	867	866
767	806	807	868	867
768	807	808	869	868
769	808	809	870	869
770	809	810	871	870
771	810	811	872	871
772	811	812	873	872
773	812	813	874	873
774	813	814	875	874
775	814	815	876	875
776	815	816	877	876
777	816	817	878	877
778	817	818	879	878
779	818	819	880	879
780	819	820	881	880
781	821	822	883	882
782	822	823	884	883
783	823	824	885	884
784	824	825	886	885
785	825	826	887	886
786	826	827	888	887
787	827	828	889	888
788	828	829	890	889
789	829	830	891	890
790	830	831	892	891
791	831	832	893	892
792	832	833	894	893
793	833	834	895	894
794	834	835	896	895
795	835	836	897	896
796	836	837	898	897
797	837	838	899	898
798	838	839	900	899
799	839	840	901	900
800	840	841	902	901
801	841	842	903	902
802	842	843	904	903
803	843	844	905	904
804	844	845	906	905
805	845	846	907	906
806	846	847	908	907
807	847	848	909	908
808	848	849	910	909
809	849	850	911	910
810	850	851	912	911
811	851	852	913	912
812	852	853	914	913
813	853	854	915	914
814	854	855	916	915
815	855	856	917	916
816	856	857	918	917
817	857	858	919	918
818	858	859	920	919
819	859	860	921	920
820	860	861	922	921
821	861	862	923	922
822	862	863	924	923
823	863	864	925	924
824	864	865	926	925
825	865	866	927	926
826	866	867	928	927
827	867	868	929	928
828	868	869	930	929
829	869	870	931	930
830	870	871	932	931
831	871	872	933	932
832	872	873	934	933
833	873	874	935	934
834	874	875	936	935
835	875	876	937	936
836	876	877	938	937
837	877	878	939	938
838	878	879	940	939
839	879	880	941	940
840	880	881	942	941
841	882	883	944	943
842	883	884	945	944
843	884	885	946	945
844	885	886	947	946
845	886	887	948	947
846	887	888	949	948
847	888	889	950	949
848	889	890	951	950
849	890	891	952	951
850	891	892	953	952
851	892	893	954	953
852	893	894	955	954
853	894	895	956	955
854	895	896	957	956
855	896	897	958	957
856	897	898	959	958
857	898	899	960	959
858	899	900	961	960
859	900	901	962	961
860	901	902	963	962
861	902	903	964	963
862	903	904	965	964
863	904	905	966	965
864	905	906	967	966
865	906	907	968	967
866	907	908	969	968
867	908	909	970	969
868	909	910	971	970
869	910	911	972	971
870	911	912	973	972
871	912	913	974	973
872	913	914	975	974
873	914	915	976	975
874	915	916	977	976
875	916	917	978	977
876	917	918	979	978
877	918	919	980	979
878	919	920	981	980
879	920	921	982	981
880	921	922	983	982
881	922	923	984	983
882	923	924	985	984
883	924	925	986	985
884	925	926	987	986
885	926	927	988	987
886	927	928	989	988
887	928	929	990	989
888	929	930	991	990
889	930	931	992	991
890	931	932	993	992
891	932	933	994	993
892	933	934	995	994
893	934	935	996	995
894	935	936	997	996
895	936	937	998	997
896	937	938	999	998
897	938	939	1000	999
898	939	940	1001	1000
899	940	941	1002	1001
900	941	942	1003	1002
901	943	944	1005	1004
902	944	945	1006	1005
903	945	946	1007	1006
904	946	947	1008	1007
905	947	948	1009	1008
906	948	949	1010	1009
907	949	950	1011	1010
908	950	951	1012	1011
909	951	952	1013	1012
910	952	953	1014	1013
911	953	954	1015	1014
912	954	955	1016	1015
913	955	956	1017	1016
914	956	957	1018	1017
915	957	958	1019	1018
916	958	959	1020	1019
917	959	960	1021	1020
918	960	961	1022	1021
919	961	962	1023	1022
920	962	963	1024	1023
921	963	964	1025	1024
922	964	965	1026	1025
923	965	966	1027	1026
924	966	967	1028	1027
925	967	968	1029	1028
926	968	969	1030	1029
927	969	970	1031	1030
928	970	971	1032	1031
929	971	972	1033	1032
930	972	973	1034	1033
931	973	974	1035	1034
932	974	975	1036	1035
933	975	976	1037	1036
934	976	977	1038	1037
935	977	978	1039	1038
936	978	979	1040	1039
937	979	980	1041	1040
938	980	981	1042	1041
939	981	982	1043	1042
940	982	983	1044	1043
941	983	984	1045	1044
942	984	985	1046	1045
943	985	986	1047	1046
944	986	987	1048	1047
945	987	988	1049	1048
946	988	989	1050	1049
947	989	990	1051	1050
948	990	991	1052	1051
949	991	992	1053	1052
950	992	993	1054	1053
951	993	994	1055	1054
952	994	995	1056	1055
953	995	996	1057	1056
954	996	997	1058	1057
955	997	998	1059	1058
956	998	999	1060	1059
957	999	1000	1061	1060
958	1000	1001	1062	1061
959	1001	1002	1063	1062
960	1002	1003	1064	1063
961	1004	1005	1066	1065
962	1005	1006	1067	1066
963	1006	1007	1068	1067
964	1007	1008	1069	1068
965	1008	1009	1070	1069
966	1009	1010	1071	1070
967	1010	1011	1072	1071
968	1011	1012	1073	1072
969	1012	1013	1074	1073
970	1013	1014	1075	1074
971	1014	1015	1076	1075
972	1015	1016	1077	1076
973	1016	1017	1078	1077
974	1017	1018	1079	1078
975	1018	1019	1080	1079
976	1019	1020	1081	1080
977	1020	1021	1082	1081
978	1021	1022	1083	1082
979	1022	1023	1084	1083
980	1023	1024	1085	1084
981	1024	1025	1086	1085
982	1025	1026	1087	1086
983	1026	1027	1088	1087
984	1027	1028	1089	1088
985	1028	1029	1090	1089
986	1029	1030	1091	1090
987	1030	1031	1092	1091
988	1031	1032	1093	1092
989	1032	1033	1094	1093
990	1033	1034	1095	1094
991	1034	1035	1096	1095
992	1035	1036	1097	1096
993	1036	1037	1098	1097
994	1037	1038	1099	1098
995	1038	1039	1100	1099
996	1039	1040	1101	1100
997	1040	1041	1102	1101
998	1041	1042	1103	1102
999	1042	1043	1104	1103
1000	1043	1044	1105	1104
1001	1044	1045	1106	1105
1002	1045	1046	1107	1106
1003	1046	1047	1108	1107
1004	1047	1048	1109	1108
1005	1048	1049	1110	1109
1006	1049	1050	1111	1110
1007	1050	1051	1112	1111
1008	1051	1052	1113	1112
1009	1052	1053	1114	1113
1010	1053	1054	1115	1114
1011	1054	1055	1116	1115
1012	1055	1056	1117	1116
1013	1056	1057	1118	1117
1014	1057	1058	1119	1118
1015	1058	1059	1120	1119
1016	1059	1060	1121	1120
1017	1060	1061	1122	1121
1018	1061	1062	1123	1122
1019	1062	1063	1124	1123
1020	1063	1064	1125	1124
1021	1065	1066	1127	1126
1022	1066	1067	1128	1127
1023	1067	1068	1129	1128
1024	1068	1069	1130	1129
1025	1069	1070	1131	1130
1026	1070	1071	1132	1131
1027	1071	1072	1133	1132
1028	1072	1073	1134	1133
1029	1073	1074	1135	1134
1030	1074	1075	1136	1135
1031	1075	1076	1137	1136
1032	1076	1077	1138	1137
1033	1077	1078	1139	1138
1034	1078	1079	1140	1139
1035	1079	1080	1141	1140
1036	1080	1081	1142	1141
1037	1081	1082	1143	1142
1038	1082	1083	1144	1143
1039	1083	1084	1145	1144
1040	1084	1085	1146	1145
1041	1085	1086	1147	1146
1042	1086	1087	1148	1147
1043	1087	1088	1149	1148
1044	1088	1089	1150	1149
1045	1089	1090	1151	1150
1046	1090	1091	1152	1151
1047	1091	1092	1153	1152
1048	1092	1093	1154	1153
1049	1093	1094	1155	1154
1050	1094	1095	1156	1155
1051	1095	1096	1157	1156
1052	1096	1097	1158	1157
1053	1097	1098	1159	1158
1054	1098	1099	1160	1159
1055	1099	1100	1161	1160
1056	1100	1101	1162	1161
1057	1101	1102	1163	1162
1058	1102	1103	1164	1163
1059	1103	1104	1165	1164
1060	1104	1105	1166	1165
1061	1105	1106	1167	1166
1062	1106	1107	1168	1167
1063	1107	1108	1169	1168
1064	1108	1109	1170	1169
1065	1109	1110	1171	1170
1066	1110	1111	1172	1171
1067	1111	1112	1173	1172
1068	1112	1113	1174	1173
1069	1113	1114	1175	1174
1070	1114	1115	1176	1175
1071	1115	1116	1177	1176
1072	1116	1117	1178	1177
1073	1117	1118	1179	1178
1074	1118	1119	1180	1179
1075	1119	1120	1181	1180
1076	1120	1121	1182	1181
1077	1121	1122	1183	1182
1078	1122	1123	1184	1183
1079	1123	1124	1185	1184
1080	1124	1125	1186	1185
1081	1126	1127	1188	1187
1082	1127	1128	1189	1188
1083	1128	1129	1190	1189
1084	1129	1130	1191	1190
1085	1130	1131	1192	1191
1086	1131	1132	1193	1192
1087	1132	1133	1194	1193
1088	1133	1134	1195	1194
1089	1134	1135	1196	1195
1090	1135	1136	1197	1196
1091	1136	1137	1198	1197
1092	1137	1138	1199	1198
1093	1138	1139	1200	1199
1094	1139	1140	1201	1200
1095	1140	1141	1202	1201
1096	1141	1142	1203	1202
1097	1142	1143	1204	1203
1098	1143	1144	1205	1204
1099	1144	1145	1206	1205
1100	1145	1146	1207	1206
1101	1146	1147	1208	1207
1102	1147	1148	1209	1208
1103	1148	1149	1210	1209
1104	1149	1150	1211	1210
1105	1150	1151	1212	1211
1106	1151	1152	1213	1212
1107	1152	1153	1214	1213
1108	1153	1154	1215	1214
1109	1154	1155	1216	1215
1110	1155	1156	1217	1216
1111	1156	1157	1218	1217
1112	1157	1158	1219	1218
1113	1158	1159	1220	1219
1114	1159	1160	1221	1220
1115	1160	1161	1222	1221
1116	1161	1162	1223	1222
1117	1162	1163	1224	1223
1118	1163	1164	1225	1224
1119	1164	1165	1226	1225
1120	1165	1166	1227	1226
1121	1166	1167	1228	1227
1122	1167	1168	1229	1228
1123	1168	1169	1230	1229
1124	1169	1170	1231	1230
1125	1170	1171	1232	1231
1126	1171	1172	1233	1232
1127	1172	1173	1234	1233
1128	1173	1174	1235	1234
1129	1174	1175	1236	1235
1130	1175	1176	1237	1236
1131	1176	1177	1238	1237
1132	1177	1178	1239	1238
1133	1178	1179	1240	1239
1134	1179	1180	1241	1240
1135	1180	1181	1242	1241
1136	1181	1182	1243	1242
1137	1182	1183	1244	1243
1138	1183	1184	1245	1244
1139	1184	1185	1246	1245
1140	1185	1186	1247	1246
1141	1187	1188	1249	1248
1142	1188	1189	1250	1249
1143	1189	1190	1251	1250
1144	1190	1191	1252	1251
1145	1191	1192	1253	1252
1146	1192	1193	1254	1253
1147	1193	1194	1255	1254
1148	1194	1195	1256	1255
1149	1195	1196	1257	1256
1150	1196	1197	1258	1257
1151	1197	1198	1259	1258
1152	1198	1199	1260	1259
1153	1199	1200	1261	1260
1154	1200	1201	1262	1261
1155	1201	1202	1263	1262
1156	1202	1203	1264	1263
1157	1203	1204	1265	1264
1158	1204	1205	1266	1265
1159	1205	1206	1267	1266
1160	1206	1207	1268	1267
1161	1207	1208	1269	1268
1162	1208	1209	1270	1269
1163	1209	1210	1271	1270
1164	1210	1211	1272	1271
1165	1211	1212	1273	1272
1166	1212	1213	1274	1273
1167	1213	1214	1275	1274
1168	1214	1215	1276	1275
1169	1215	1216	1277	1276
1170	1216	1217	1278	1277
1171	1217	1218	1279	1278
1172	1218	1219	1280	1279
1173	1219	1220	1281	1280
1174	1220	1221	1282	1281
1175	1221	1222	1283	1282
1176	1222	1223	1284	1283
1177	1223	1224	1285	1284
1178	1224	1225	1286	1285
1179	1225	1226	1287	1286
1180	1226	1227	1288	1287
1181	1227	1228	1289	1288
1182	1228	1229	1290	1289
1183	1229	1230	1291	1290
1184	1230	1231	1292	1291
1185	1231	1232	1293	1292
1186	1232	1233	1294	1293
1187	1233	1234	1295	1294
1188	1234	1235	1296	1295
1189	1235	1236	1297	1296
1190	1236	1237	1298	1297
1191	1237	1238	1299	1298
1192	1238	1239	1300	1299
1193	1239	1240	1301	1300
1194	1240	1241	1302	1301
1195	1241	1242	1303	1302
1196	1242	1243	1304	1303
1197	1243	1244	1305	1304
1198	1244	1245	1306	1305
1199	1245	1246	1307	1306
1200	1246	1247	1308	1307
1201	1248	1249	1310	1309
1202	1249	1250	1311	1310
1203	1250	1251	1312	1311
1204	1251	1252	1313	1312
1205	1252	1253	1314	1313
1206	1253	1254	1315	1314
1207	1254	1255	1316	1315
1208	1255	1256	1317	1316
1209	1256	1257	1318	1317
1210	1257	1258	1319	1318
1211	1258	1259	1320	1319
1212	1259	1260	1321	1320
1213	1260	1261	1322	1321
1214	1261	1262	1323	1322
1215	1262	1263	1324	1323
1216	1263	1264	1325	1324
1217	1264	1265	1326	1325
1218	1265	1266	1327	1326
1219	1266	1267	1328	1327
1220	1267	1268	1329	1328
1221	1268	1269	1330	1329
1222	1269	1270	1331	1330
1223	1270	1271	1332	1331
1224	1271	1272	1333	1332
1225	1272	1273	1334	1333
1226	1273	1274	1335	1334
1227	1274	1275	1336	1335
1228	1275	1276	1337	1336
1229	1276	1277	1338	1337
1230	1277	1278	1339	1338
1231	1278	1279	1340	1339
1232	1279	1280	1341	1340
1233	1280	1281	1342	1341
1234	1281	1282	1343	1342
1235	1282	1283	1344	1343
1236	1283	1284	1345	1344
1237	1284	1285	1346	1345
1238	1285	1286	1347	1346
1239	1286	1287	1348	1347
1240	1287	1288	1349	1348
1241	1288	1289	1350	1349
1242	1289	1290	1351	1350
1243	1290	1291	1352	1351
1244	1291	1292	1353	1352
1245	1292	1293	1354	1353
1246	1293	1294	1355	1354
1247	1294	1295	1356	1355
1248	1295	1296	1357	1356
1249	1296	1297	1358	1357
1250	1297	1298	1359	1358
1251	1298	1299	1360	1359
1252	1299	1300	1361	1360
1253	1300	1301	1362	1361
1254	1301	1302	1363	1362
1255	1302	1303	1364	1363
1256	1303	1304	1365	1364
1257	1304	1305	1366	1365
1258	1305	1306	1367	1366
1259	1306	1307	1368	1367
1260	1307	1308	1369	1368
1261	1309	1310	1371	1370
1262	1310	1311	1372	1371
1263	1311	1312	1373	1372
1264	1312	1313	1374	1373
1265	1313	1314	1375	1374
1266	1314	1315	1376	1375
1267	1315	1316	1377	1376
1268	1316	1317	1378	1377
1269	1317	1318	1379	1378
1270	1318	1319	1380	1379
1271	1319	1320	1381	1380
1272	1320	1321	1382	1381
1273	1321	1322	1383	1382
1274	1322	1323	1384	1383
1275	1323	1324	1385	1384
1276	1324	1325	1386	1385
1277	1325	1326	1387	1386
1278	1326	1327	1388	1387
1279	1327	1328	1389	1388
1280	1328	1329	1390	1389
1281	1329	1330	1391	1390
1282	1330	1331	1392	1391
1283	1331	1332	1393	1392
1284	1332	1333	1394	1393
1285	1333	1334	1395	1394
1286	1334	1335	1396	1395
1287	1335	1336	1397	1396
1288	1336	1337	1398	1397
1289	1337	1338	1399	1398
1290	1338	1339	1400	1399
1291	1339	1340	1401	1400
1292	1340	1341	1402	1401
1293	1341	1342	1403	1402
1294	1342	1343	1404	1403
1295	1343	1344	1405	1404
1296	1344	1345	1406	1405
1297	1345	1346	1407	1406
1298	1346	1347	1408	1407
1299	1347	1348	1409	1408
1300	1348	1349	1410	1409
1301	1349	1350	1411	1410
1302	1350	1351	1412	1411
1303	1351	1352	1413	1412
1304	1352	1353	1414	1413
1305	1353	1354	1415	1414
1306	1354	1355	1416	1415
1307	1355	1356	1417	1416
1308	1356	1357	1418	1417
1309	1357	1358	1419	1418
1310	1358	1359	1420	1419
1311	1359	1360	1421	1420
1312	1360	1361	1422	1421
1313	1361	1362	1423	1422
1314	1362	1363	1424	1423
1315	1363	1364	1425	1424
1316	1364	1365	1426	1425
1317	1365	1366	1427	1426
1318	1366	1367	1428	1427
1319	1367	1368	1429	1428
1320	1368	1369	1430	1429
1321	1370	1371	1432	1431
1322	1371	1372	1433	1432
1323	1372	1373	1434	1433
1324	1373	1374	1435	1434
1325	1374	1375	1436	1435
1326	1375	1376	1437	1436
1327	1376	1377	1438	1437
1328	1377	1378	1439	1438
1329	1378	1379	1440	1439
1330	1379	1380	1441	1440
1331	1380	1381	1442	1441
1332	1381	1382	1443	1442
1333	1382	1383	1444	1443
1334	1383	1384	1445	1444
1335	1384	1385	1446	1445
1336	1385	1386	1447	1446
1337	1386	1387	1448	1447
1338	1387	1388	1449	1448
1339	1388	1389	1450	1449
1340	1389	1390	1451	1450
1341	1390	1391	1452	1451
1342	1391	1392	1453	1452
1343	1392	1393	1454	1453
1344	1393	1394	1455	1454
1345	1394	1395	1456	1455
1346	1395	1396	1457	1456
1347	1396	1397	1458	1457
1348	1397	1398	1459	1458
1349	1398	1399	1460	1459
1350	1399	1400	1461	1460
1351	1400	1401	1462	1461
1352	1401	1402	1463	1462
1353	1402	1403	1464	1463
1354	1403	1404	1465	1464
1355	1404	1405	1466	1465
1356	1405	1406	1467	1466
1357	1406	1407	1468	1467
1358	1407	1408	1469	1468
1359	1408	1409	1470	1469
1360	1409	1410	1471	1470
1361	1410	1411	1472	1471
1362	1411	1412	1473	1472
1363	1412	1413	1474	1473
1364	1413	1414	1475	1474
1365	1414	1415	1476	1475
1366	1415	1416	1477	1476
1367	1416	1417	1478	1477
1368	1417	1418	1479	1478
1369	1418	1419	1480	1479
1370	1419	1420	1481	1480
1371	1420	1421	1482	1481
1372	1421	1422	1483	1482
1373	1422	1423	1484	1483
1374	1423	1424	1485	1484
1375	1424	1425	1486	1485
1376	1425	1426	1487	1486
1377	1426	1427	1488	1487
1378	1427	1428	1489	1488
1379	1428	1429	1490	1489
1380	1429	1430	1491	1490
1381	1431	1432	1493	1492
1382	1432	1433	1494	1493
1383	1433	1434	1495	1494
1384	1434	1435	1496	1495
1385	1435	1436	1497	1496
1386	1436	1437	1498	1497
1387	1437	1438	1499	1498
1388	1438	1439	1500	1499
1389	1439	1440	1501	1500
1390	1440	1441	1502	1501
1391	1441	1442	1503	1502
1392	1442	1443	1504	1503
1393	1443	1444	1505	1504
1394	1444	1445	1506	1505
1395	1445	1446	1507	1506
1396	1446	1447	1508	1507
1397	1447	1448	1509	1508
1398	1448	1449	1510	1509
1399	1449	1450	1511	1510
1400	1450	1451	1512	1511
1401	1451	1452	1513	1512
1402	1452	1453	1514	1513
1403	1453	1454	1515	1514
1404	1454	1455	1516	1515
1405	1455	1456	1517	1516
1406	1456	1457	1518	1517
1407	1457	1458	1519	1518
1408	1458	1459	1520	1519
1409	1459	1460	1521	1520
1410	1460	1461	1522	1521
1411	1461	1462	1523	1522
1412	1462	1463	1524	1523
1413	1463	1464	1525	1524
1414	1464	1465	1526	1525
1415	1465	1466	1527	1526
1416	1466	1467	1528	1527
1417	1467	1468	1529	1528
1418	1468	1469	1530	1529
1419	1469	1470	1531	1530
1420	1470	1471	1532	1531
1421	1471	1472	1533	1532
1422	1472	1473	1534	1533
1423	1473	1474	1535	1534
1424	1474	1475	1536	1535
1425	1475	1476	1537	1536
1426	1476	1477	1538	1537
1427	1477	1478	1539	1538
1428	1478	1479	1540	1539
1429	1479	1480	1541	1540
1430	1480	1481	1542	1541
1431	1481	1482	1543	1542
1432	1482	1483	1544	1543
1433	1483	1484	1545	1544
1434	1484	1485	1546	1545
1435	1485	1486	1547	1546
1436	1486	1487	1548	1547
1437	1487	1488	1549	1548
1438	1488	1489	1550	1549
1439	1489	1490	1551	1550
1440	1490	1491	1552	1551
1441	1492	1493	1554	1553
1442	1493	1494	1555	1554
1443	1494	1495	1556	1555
1444	1495	1496	1557	1556
1445	1496	1497	1558	1557
1446	1497	1498	1559	1558
1447	1498	1499	1560	1559
1448	1499	1500	1561	1560
1449	1500	1501	1562	1561
1450	1501	1502	1563	1562
1451	1502	1503	1564	1563
1452	1503	1504	1565	1564
1453	1504	1505	1566	1565
1454	1505	1506	1567	1566
1455	1506	1507	1568	1567
1456	1507	1508	1569	1568
1457	1508	1509	1570	1569
1458	1509	1510	1571	1570
1459	1510	1511	1572	1571
1460	1511	1512	1573	1572
1461	1512	1513	1574	1573
1462	1513	1514	1575	1574
1463	1514	1515	1576	1575
1464	1515	1516	1577	1576
1465	1516	1517	1578	1577
1466	1517	1518	1579	1578
1467	1518	1519	1580	1579
1468	1519	1520	1581	1580
1469	1520	1521	1582	1581
1470	1521	1522	1583	1582
1471	1522	1523	1584	1583
1472	1523	1524	1585	1584
1473	1524	1525	1586	1585
1474	1525	1526	1587	1586
1475	1526	1527	1588	1587
1476	1527	1528	1589	1588
1477	1528	1529	1590	1589
1478	1529	1530	1591	1590
1479	1530	1531	1592	1591
1480	1531	1532	1593	1592
1481	1532	1533	1594	1593
1482	1533	1534	1595	1594
1483	1534	1535	1596	1595
1484	1535	1536	1597	1596
1485	1536	1537	1598	1597
1486	1537	1538	1599	1598
1487	1538	1539	1600	1599
1488	1539	1540	1601	1600
1489	1540	1541	1602	1601
1490	1541	1542	1603	1602
1491	1542	1543	1604	1603
1492	1543	1544	1605	1604
1493	1544	1545	1606	1605
1494	1545	1546	1607	1606
1495	1546	1547	1608	1607
1496	1547	1548	1609	1608
1497	1548	1549	1610	1609
1498	1549	1550	1611	1610
1499	1550	1551	1612	1611
1500	1551	1552	1613	1612
1501	1553	1554	1615	1614
1502	1554	1555	1616	1615
1503	1555	1556	1617	1616
1504	1556	1557	1618	1617
1505	1557	1558	1619	1618
1506	1558	1559	1620	1619
1507	1559	1560	1621	1620
1508	1560	1561	1622	1621
1509	1561	1562	1623	1622
1510	1562	1563	1624	1623
1511	1563	1564	1625	1624
1512	1564	1565	1626	1625
1513	1565	1566	1627	1626
1514	1566	1567	1628	1627
1515	1567	1568	1629	1628
1516	1568	1569	1630	1629
1517	1569	1570	1631	1630
1518	1570	1571	1632	1631
1519	1571	1572	1633	1632
1520	1572	1573	1634	1633
1521	1573	1574	1635	1634
1522	1574	1575	1636	1635
1523	1575	1576	1637	1636
1524	1576	1577	1638	1637
1525	1577	1578	1639	1638
1526	1578	1579	1640	1639
1527	1579	1580	1641	1640
1528	1580	1581	1642	1641
1529	1581	1582	1643	1642
1530	1582	1583	1644	1643
1531	1583	1584	1645	1644
1532	1584	1585	1646	1645
1533	1585	1586	1647	1646
1534	1586	1587	1648	1647
1535	1587	1588	1649	1648
1536	1588	1589	1650	1649
1537	1589	1590	1651	1650
1538	1590	1591	1652	1651
1539	1591	1592	1653	1652
1540	1592	1593	1654	1653
1541	1593	1594	1655	1654
1542	1594	1595	1656	1655
1543	1595	1596	1657	1656
1544	1596	1597	1658	1657
1545	1597	1598	1659	1658
1546	1598	1599	1660	1659
1547	1599	1600	1661	1660
1548	1600	1601	1662	1661
1549	1601	1602	1663	1662
1550	1602	1603	1664	1663
1551	1603	1604	1665	1664
1552	1604	1605	1666	1665
1553	1605	1606	1667	1666
1554	1606	1607	1668	1667
1555	1607	1608	1669	1668
1556	1608	1609	1670	1669
1557	1609	1610	1671	1670
1558	1610	1611	1672	1671
1559	1611	1612	1673	1672
1560	1612	1613	1674	1673
1561	1614	1615	1676	1675
1562	1615	1616	1677	1676
1563	1616	1617	1678	1677
1564	1617	1618	1679	1678
1565	1618	1619	1680	1679
1566	1619	1620	1681	1680
1567	1620	1621	1682	1681
1568	1621	1622	1683	1682
1569	1622	1623	1684	1683
1570	1623	1624	1685	1684
1571	1624	1625	1686	1685
1572	1625	1626	1687	1686
1573	1626	1627	1688	1687
1574	1627	1628	1689	1688
1575	1628	1629	1690	1689
1576	1629	1630	1691	1690
1577	1630	1631	1692	1691
1578	1631	1632	1693	1692
1579	1632	1633	1694	1693
1580	1633	1634	1695	1694
1581	1634	1635	1696	1695
1582	1635	1636	1697	1696
1583	1636	1637	1698	1697
1584	1637	1638	1699	1698
1585	1638	1639	1700	1699
1586	1639	1640	1701	1700
1587	1640	1641	1702	1701
1588	1641	1642	1703	1702
1589	1642	1643	1704	1703
1590	1643	1644	1705	1704
1591	1644	1645	1706	1705
1592	1645	1646	1707	1706
1593	1646	1647	1708	1707
1594	1647	1648	1709	1708
1595	1648	1649	1710	1709
1596	1649	1650	1711	1710
1597	1650	1651	1712	1711
1598	1651	1652	1713	1712
1599	1652	1653	1714	1713
1600	1653	1654	1715	1714
1601	1654	1655	1716	1715
1602	1655	1656	1717	1716
1603	1656	1657	1718	1717
1604	1657	1658	1719	1718
1605	1658	1659	1720	1719
1606	1659	1660	1721	1720
1607	1660	1661	1722	1721
1608	1661	1662	1723	1722
1609	1662	1663	1724	1723
1610	1663	1664	1725	1724
1611	1664	1665	1726	1725
1612	1665	1666	1727	1726
1613	1666	1667	1728	1727
1614	1667	1668	1729	1728
1615	1668	1669	1730	1729
1616	1669	1670	1731	1730
1617	1670	1671	1732	1731
1618	1671	1672	1733	1732
1619	1672	1673	1734	1733
1620	1673	1674	1735	1734
1621	1675	1676	1737	1736
1622	1676	1677	1738	1737
1623	1677	1678	1739	1738
1624	1678	1679	1740	1739
1625	1679	1680	1741	1740
1626	1680	1681	1742	1741
1627	1681	1682	1743	1742
1628	1682	1683	1744	1743
1629	1683	1684	1745	1744
1630	1684	1685	1746	1745
1631	1685	1686	1747	1746
1632	1686	1687	1748	1747
1633	1687	1688	1749	1748
1634	1688	1689	1750	1749
1635	1689	1690	1751	1750
1636	1690	1691	1752	1751
1637	1691	1692	1753	1752
1638	1692	1693	1754	1753
1639	1693	1694	1755	1754
1640	1694	1695	1756	1755
1641	1695	1696	1757	1756
1642	1696	1697	1758	1757
1643	1697	1698	1759	1758
1644	1698	1699	1760	1759
1645	1699	1700	1761	1760
1646	1700	1701	1762	1761
1647	1701	1702	1763	1762
1648	1702	1703	1764	1763
1649	1703	1704	1765	1764
1650	1704	1705	1766	1765
1651	1705	1706	1767	1766
1652	1706	1707	1768	1767
1653	1707	1708	1769	1768
1654	1708	1709	1770	1769
1655	1709	1710	1771	1770
1656	1710	1711	1772	1771
1657	1711	1712	1773	1772
1658	1712	1713	1774	1773
1659	1713	1714	1775	1774
1660	1714	1715	1776	1775
1661	1715	1716	1777	1776
1662	1716	1717	1778	1777
1663	1717	1718	1779	1778
1664	1718	1719	1780	1779
1665	1719	1720	1781	1780
1666	1720	1721	1782	1781
1667	1721	1722	1783	1782
1668	1722	1723	1784	1783
1669	1723	1724	1785	1784
1670	1724	1725	1786	1785
1671	1725	1726	1787	1786
1672	1726	1727	1788	1787
1673	1727	1728	1789	1788
1674	1728	1729	1790	1789
1675	1729	1730	1791	1790
1676	1730	1731	1792	1791
1677	1731	1732	1793	1792
1678	1732	1733	1794	1793
1679	1733	1734	1795	1794
1680	1734	1735	1796	1795
1681	1736	1737	1798	1797
1682	1737	1738	1799	1798
1683	1738	1739	1800	1799
1684	1739	1740	1801	1800
1685	1740	1741	1802	1801
1686	1741	1742	1803	1802
1687	1742	1743	1804	1803
1688	1743	1744	1805	1804
1689	1744	1745	1806	1805
1690	1745	1746	1807	1806
1691	1746	1747	1808	1807
1692	1747	1748	1809	1808
1693	1748	1749	1810	1809
1694	1749	1750	1811	1810
1695	1750	1751	1812	1811
1696	1751	1752	1813	1812
1697	1752	1753	1814	1813
1698	1753	1754	1815	1814
1699	1754	1755	1816	1815
1700	1755	1756	1817	1816
1701	1756	1757	1818	1817
1702	1757	1758	1819	1818
1703	1758	1759	1820	1819
1704	1759	1760	1821	1820
1705	1760	1761	1822	1821
1706	1761	1762	1823	1822
1707	1762	1763	1824	1823
1708	1763	1764	1825	1824
1709	1764	1765	1826	1825
1710	1765	1766	1827	1826
1711	1766	1767	1828	1827
1712	1767	1768	1829	1828
1713	1768	1769	1830	1829
1714	1769	1770	1831	1830
1715	1770	1771	1832	1831
1716	1771	1772	1833	1832
1717	1772	1773	1834	1833
1718	1773	1774	1835	1834
1719	1774	1775	1836	1835
1720	1775	1776	1837	1836
1721	1776	1777	1838	1837
1722	1777	1778	1839	1838
1723	1778	1779	1840	1839
1724	1779	1780	1841	1840
1725	1780	1781	1842	1841
1726	1781	1782	1843	1842
1727	1782	1783	1844	1843
1728	1783	1784	1845	1844
1729	1784	1785	1846	1845
1730	1785	1786	1847	1846
1731	1786	1787	1848	1847
1732	1787	1788	1849	1848
1733	1788	1789	1850	1849
1734	1789	1790	1851	1850
1735	1790	1791	1852	1851
1736	1791	1792	1853	1852
1737	1792	1793	1854	1853
1738	1793	1794	1855	1854
1739	1794	1795	1856	1855
1740	1795	1796	1857	1856
1741	1797	1798	1859	1858
1742	1798	1799	1860	1859
1743	1799	1800	1861	1860
1744	1800	1801	1862	1861
1745	1801	1802	1863	1862
1746	1802	1803	1864	1863
1747	1803	1804	1865	1864
1748	1804	1805	1866	1865
1749	1805	1806	1867	1866
1750	1806	1807	1868	1867
1751	1807	1808	1869	1868
1752	1808	1809	1870	1869
1753	1809	1810	1871	1870
1754	1810	1811	1872	1871
1755	1811	1812	1873	1872
1756	1812	1813	1874	1873
1757	1813	1814	1875	1874
1758	1814	1815	1876	1875
1759	1815	1816	1877	1876
1760	1816	1817	1878	1877
1761	1817	1818	1879	1878
1762	1818	1819	1880	1879
1763	1819	1820	1881	1880
1764	1820	1821	1882	1881
1765	1821	1822	1883	1882
1766	1822	1823	1884	1883
1767	1823	1824	1885	1884
1768	1824	1825	1886	1885
1769	1825	1826	1887	1886
1770	1826	1827	1888	1887
1771	1827	1828	1889	1888
1772	1828	1829	1890	1889
1773	1829	1830	1891	1890
1774	1830	1831	1892	1891
1775	1831	1832	1893	1892
1776	1832	1833	1894	1893
1777	1833	1834	1895	1894
1778	1834	1835	1896	1895
1779	1835	1836	1897	1896
1780	1836	1837	1898	1897
1781	1837	1838	1899	1898
1782	1838	1839	1900	1899
1783	1839	1840	1901	1900
1784	1840	1841	1902	1901
1785	1841	1842	1903	1902
1786	1842	1843	1904	1903
1787	1843	1844	1905	1904
1788	1844	1845	1906	1905
1789	1845	1846	1907	1906
1790	1846	1847	1908	1907
1791	1847	1848	1909	1908
1792	1848	1849	1910	1909
1793	1849	1850	1911	1910
1794	1850	1851	1912	1911
1795	1851	1852	1913	1912
1796	1852	1853	1914	1913
1797	1853	1854	1915	1914
1798	1854	1855	1916	1915
1799	1855	1856	1917	1916
1800	1856	1857	1918	1917
1801	1858	1859	1920	1919
1802	1859	1860	1921	1920
1803	1860	1861	1922	1921
1804	1861	1862	1923	1922
1805	1862	1863	1924	1923
1806	1863	1864	1925	1924
1807	1864	1865	1926	1925
1808	1865	1866	1927	1926
1809	1866	1867	1928	1927
1810	1867	1868	1929	1928
1811	1868	1869	1930	1929
1812	1869	1870	1931	1930
1813	1870	1871	1932	1931
1814	1871	1872	1933	1932
1815	1872	1873	1934	1933
1816	1873	1874	1935	1934
1817	1874	1875	1936	1935
1818	1875	1876	1937	1936
1819	1876	1877	1938	1937
1820	1877	1878	1939	1938
1821	1878	1879	1940	1939
1822	1879	1880	1941	1940
1823	1880	1881	1942	1941
1824	1881	1882	1943	1942
1825	1882	1883	1944	1943
1826	1883	1884	1945	1944
1827	1884	1885	1946	1945
1828	1885	1886	1947	1946
1829	1886	1887	1948	1947
1830	1887	1888	1949	1948
1831	1888	1889	1950	1949
1832	1889	1890	1951	1950
1833	1890	1891	1952	1951
1834	1891	1892	1953	1952
1835	1892	1893	1954	1953
1836	1893	1894	1955	1954
1837	1894	1895	1956	1955
1838	1895	1896	1957	1956
1839	1896	1897	1958	1957
1840	1897	1898	1959	1958
1841	1898	1899	1960	1959
1842	1899	1900	1961	1960
1843	1900	1901	1962	1961
1844	1901	1902	1963	1962
1845	1902	1903	1964	1963
1846	1903	1904	1965	1964
1847	1904	1905	1966	1965
1848	1905	1906	1967	1966
1849	1906	1907	1968	1967
1850	1907	1908	1969	1968
1851	1908	1909	1970	1969
1852	1909	1910	1971	1970
1853	1910	1911	1972	1971
1854	1911	1912	1973	1972
1855	1912	1913	1974	1973
1856	1913	1914	1975	1974
1857	1914	1915	1976	1975
1858	1915	1916	1977	1976
1859	1916	1917	1978	1977
1860	1917	1918	1979	1978
1861	1919	1920	1981	1980
1862	1920	1921	1982	1981
1863	1921	1922	1983	1982
1864	1922	1923	1984	1983
1865	1923	1924	1985	1984
1866	1924	1925	1986	1985
1867	1925	1926	1987	1986
1868	1926	1927	1988	1987
1869	1927	1928	1989	1988
1870	1928	1929	1990	1989
1871	1929	1930	1991	1990
1872	1930	1931	1992	1991
1873	1931	1932	1993	1992
1874	1932	1933	1994	1993
1875	1933	1934	1995	1994
1876	1934	1935	1996	1995
1877	1935	1936	1997	1996
1878	1936	1937	1998	1997
1879	1937	1938	1999	1998
1880	1938	1939	2000	1999
1881	1939	1940	2001	2000
1882	1940	1941	2002	2001
1883	1941	1942	2003	2002
1884	1942	1943	2004	2003
1885	1943	1944	2005	2004
1886	1944	1945	2006	2005
1887	1945	1946	2007	2006
1888	1946	1947	2008	2007
1889	1947	1948	2009	2008
1890	1948	1949	2010	2009
1891	1949	1950	2011	2010
1892	1950	1951	2012	2011
1893	1951	1952	2013	2012
1894	1952	1953	2014	2013
1895	1953	1954	2015	2014
1896	1954	1955	2016	2015
1897	1955	1956	2017	2016
1898	1956	1957	2018	2017
1899	1957	1958	2019	2018
1900	1958	1959	2020	2019
1901	1959	1960	2021	2020
1902	1960	1961	2022	2021
1903	1961	1962	2023	2022
1904	1962	1963	2024	2023
1905	1963	1964	2025	2024
1906	1964	1965	2026	2025
1907	1965	1966	2027	2026
1908	1966	1967	2028	2027
1909	1967	1968	2029	2028
1910	1968	1969	2030	2029
1911	1969	1970	2031	2030
1912	1970	1971	2032	2031
1913	1971	1972	2033	2032
1914	1972	1973	2034	2033
1915	1973	1974	2035	2034
1916	1974	1975	2036	2035
1917	1975	1976	2037	2036
1918	1976	1977	2038	2037
1919	1977	1978	2039	2038
1920	1978	1979	2040	2039
1921	1980	1981	2042	2041
1922	1981	1982	2043	2042
1923	1982	1983	2044	2043
1924	1983	1984	2045	2044
1925	1984	1985	2046	2045
1926	1985	1986	2047	2046
1927	1986	1987	2048	2047
1928	1987	1988	2049	2048
1929	1988	1989	2050	2049
1930	1989	1990	2051	2050
1931	1990	1991	2052	2051
1932	1991	1992	2053	2052
1933	1992	1993	2054	2053
1934	1993	1994	2055	2054
1935	1994	1995	2056	2055
1936	1995	1996	2057	2056
1937	1996	1997	2058	2057
1938	1997	1998	2059	2058
1939	1998	1999	2060	2059
1940	1999	2000	2061	2060
1941	2000	2001	2062	2061
1942	2001	2002	2063	2062
1943	2002	2003	2064	2063
1944	2003	2004	2065	2064
1945	2004	2005	2066	2065
1946	2005	2006	2067	2066
1947	2006	2007	2068	2067
1948	2007	2008	2069	2068
1949	2008	2009	2070	2069
1950	2009	2010	2071	2070
1951	2010	2011	2072	2071
1952	2011	2012	2073	2072
1953	2012	2013	2074	2073
1954	2013	2014	2075	2074
1955	2014	2015	2076	2075
1956	2015	2016	2077	2076
1957	2016	2017	2078	2077
1958	2017	2018	2079	2078
1959	2018	2019	2080	2079
1960	2019	2020	2081	2080
1961	2020	2021	2082	2081
1962	2021	2022	2083	2082
1963	2022	2023	2084	2083
1964	2023	2024	2085	2084
1965	2024	2025	2086	2085
1966	2025	2026	2087	2086
1967	2026	2027	2088	2087
1968	2027	2028	2089	2088
1969	2028	2029	2090	2089
1970	2029	2030	2091	2090
1971	2030	2031	2092	2091
1972	2031	2032	2093	2092
1973	2032	2033	2094	2093
1974	2033	2034	2095	2094
1975	2034	2035	2096	2095
1976	2035	2036	2097	2096
1977	2036	2037	2098	2097
1978	2037	2038	2099	2098
1979	2038	2039	2100	2099
1980	2039	2040	2101	2100
1981	2041	2042	2103	2102
1982	2042	2043	2104	2103
1983	2043	2044	2105	2104
1984	2044	2045	2106	2105
1985	2045	2046	2107	2106
1986	2046	2047	2108	2107
1987	2047	2048	2109	2108
1988	2048	2049	2110	2109
1989	2049	2050	2111	2110
1990	2050	2051	2112	2111
1991	2051	2052	2113	2112
1992	2052	2053	2114	2113
1993	2053	2054	2115	2114
1994	2054	2055	2116	2115
1995	2055	2056	2117	2116
1996	2056	2057	2118	2117
1997	2057	2058	2119	2118
1998	2058	2059	2120	2119
1999	2059	2060	2121	2120
2000	2060	2061	2122	2121
2001	2061	2062	2123	2122
2002	2062	2063	2124	2123
2003	2063	2064	2125	2124
2004	2064	2065	2126	2125
2005	2065	2066	2127	2126
2006	2066	2067	2128	2127
2007	2067	2068	2129	2128
2008	2068	2069	2130	2129
2009	2069	2070	2131	2130
2010	2070	2071	2132	2131
2011	2071	2072	2133	2132
2012	2072	2073	2134	2133
2013	2073	2074	2135	2134
2014	2074	2075	2136	2135
2015	2075	2076	2137	2136
2016	2076	2077	2138	2137
2017	2077	2078	2139	2138
2018	2078	2079	2140	2139
2019	2079	2080	2141	2140
2020	2080	2081	2142	2141
2021	2081	2082	2143	2142
2022	2082	2083	2144	2143
2023	2083	2084	2145	2144
2024	2084	2085	2146	2145
2025	2085	2086	2147	2146
2026	2086	2087	2148	2147
2027	2087	2088	2149	2148
2028	2088	2089	2150	2149
2029	2089	2090	2151	2150
2030	2090	2091	2152	2151
2031	2091	2092	2153	2152
2032	2092	2093	2154	2153
2033	2093	2094	2155	2154
2034	2094	2095	2156	2155
2035	2095	2096	2157	2156
2036	2096	2097	2158	2157
2037	2097	2098	2159	2158
2038	2098	2099	2160	2159
2039	2099	2100	2161	2160
2040	2100	2101	2162	2161
2041	2102	2103	2164	2163
2042	2103	2104	2165	2164
2043	2104	2105	2166	2165
2044	2105	2106	2167	2166
2045	2106	2107	2168	2167
2046	2107	2108	2169	2168
2047	2108	2109	2170	2169
2048	2109	2110	2171	2170
2049	2110	2111	2172	2171
2050	2111	2112	2173	2172
2051	2112	2113	2174	2173
2052	2113	2114	2175	2174
2053	2114	2115	2176	2175
2054	2115	2116	2177	2176
2055	2116	2117	2178	2177
2056	2117	2118	2179	2178
2057	2118	2119	2180	2179
2058	2119	2120	2181	2180
2059	2120	2121	2182	2181
2060	2121	2122	2183	2182
2061	2122	2123	2184	2183
2062	2123	2124	2185	2184
2063	2124	2125	2186	2185
2064	2125	2126	2187	2186
2065	2126	2127	2188	2187
2066	2127	2128	2189	2188
2067	2128	2129	2190	2189
2068	2129	2130	2191	2190
2069	2130	2131	2192	2191
2070	2131	2132	2193	2192
2071	2132	2133	2194	2193
2072	2133	2134	2195	2194
2073	2134	2135	2196	2195
2074	2135	2136	2197	2196
2075	2136	2137	2198	2197
2076	2137	2138	2199	2198
2077	2138	2139	2200	2199
2078	2139	2140	2201	2200
2079	2140	2141	2202	2201
2080	2141	2142	2203	2202
2081	2142	2143	2204	2203
2082	2143	2144	2205	2204
2083	2144	2145	2206	2205
2084	2145	2146	2207	2206
2085	2146	2147	2208	2207
2086	2147	2148	2209	2208
2087	2148	2149	2210	2209
2088	2149	2150	2211	2210
2089	2150	2151	2212	2211
2090	2151	2152	2213	2212
2091	2152	2153	2214	2213
2092	2153	2154	2215	2214
2093	2154	2155	2216	2215
2094	2155	2156	2217	2216
2095	2156	2157	2218	2217
2096	2157	2158	2219	2218
2097	2158	2159	2220	2219
2098	2159	2160	2221	2220
2099	2160	2161	2222	2221
2100	2161	2162	2223	2222
2101	2163	2164	2225	2224
2102	2164	2165	2226	2225
2103	2165	2166	2227	2226
2104	2166	2167	2228	2227
2105	2167	2168	2229	2228
2106	2168	2169	2230	2229
2107	2169	2170	2231	2230
2108	2170	2171	2232	2231
2109	2171	2172	2233	2232
2110	2172	2173	2234	2233
2111	2173	2174	2235	2234
2112	2174	2175	2236	2235
2113	2175	2176	2237	2236
2114	2176	2177	2238	2237
2115	2177	2178	2239	2238
2116	2178	2179	2240	2239
2117	2179	2180	2241	2240
2118	2180	2181	2242	2241
2119	2181	2182	2243	2242
2120	2182	2183	2244	2243
2121	2183	2184	2245	2244
2122	2184	2185	2246	2245
2123	2185	2186	2247	2246
2124	2186	2187	2248	2247
2125	2187	2188	2249	2248
2126	2188	2189	2250	2249
2127	2189	2190	2251	2250
2128	2190	2191	2252	2251
2129	2191	2192	2253	2252
2130	2192	2193	2254	2253
2131	2193	2194	2255	2254
2132	2194	2195	2256	2255
2133	2195	2196	2257	2256
2134	2196	2197	2258	2257
2135	2197	2198	2259	2258
2136	2198	2199	2260	2259
2137	2199	2200	2261	2260
2138	2200	2201	2262	2261
2139	2201	2202	2263	2262
2140	2202	2203	2264	2263
2141	2203	2204	2265	2264
2142	2204	2205	2266	2265
2143	2205	2206	2267	2266
2144	2206	2207	2268	2267
2145	2207	2208	2269	2268
2146	2208	2209	2270	2269
2147	2209	2210	2271	2270
2148	2210	2211	2272	2271
2149	2211	2212	2273	2272
2150	2212	2213	2274	2273
2151	2213	2214	2275	2274
2152	2214	2215	2276	2275
2153	2215	2216	2277	2276
2154	2216	2217	2278	2277
2155	2217	2218	2279	2278
2156	2218	2219	2280	2279
2157	2219	2220	2281	2280
2158	2220	2221	2282	2281
2159	2221	2222	2283	2282
2160	2222	2223	2284	2283
2161	2224	2225	2286	2285
2162	2225	2226	2287	2286
2163	2226	2227	2288	2287
2164	2227	2228	2289	2288
2165	2228	2229	2290	2289
2166	2229	2230	2291	2290
2167	2230	2231	2292	2291
2168	2231	2232	2293	2292
2169	2232	2233	2294	2293
2170	2233	2234	2295	2294
2171	2234	2235	2296	2295
2172	2235	2236	2297	2296
2173	2236	2237	2298	2297
2174	2237	2238	2299	2298
2175	2238	2239	2300	2299
2176	2239	2240	2301	2300
2177	2240	2241	2302	2301
2178	2241	2242	2303	2302
2179	2242	2243	2304	2303
2180	2243	2244	2305	2304
2181	2244	2245	2306	2305
2182	2245	2246	2307	2306
2183	2246	2247	2308	2307
2184	2247	2248	2309	2308
2185	2248	2249	2310	2309
2186	2249	2250	2311	2310
2187	2250	2251	2312	2311
2188	2251	2252	2313	2312
2189	2252	2253	2314	2313
2190	2253	2254	2315	2314
2191	2254	2255	2316	2315
2192	2255	2256	2317	2316
2193	2256	2257	2318	2317
2194	2257	2258	2319	2318
2195	2258	2259	2320	2319
2196	2259	2260	2321	2320
2197	2260	2261	2322	2321
2198	2261	2262	2323	2322
2199	2262	2263	2324	2323
2200	2263	2264	2325	2324
2201	2264	2265	2326	2325
2202	2265	2266	2327	2326
2203	2266	2267	2328	2327
2204	2267	2268	2329	2328
2205	2268	2269	2330	2329
2206	2269	2270	2331	2330
2207	2270	2271	2332	2331
2208	2271	2272	2333	2332
2209	2272	2273	2334	2333
2210	2273	2274	2335	2334
2211	2274	2275	2336	2335
2212	2275	2276	2337	2336
2213	2276	2277	2338	2337
2214	2277	2278	2339	2338
2215	2278	2279	2340	2339
2216	2279	2280	2341	2340
2217	2280	2281	2342	2341
2218	2281	2282	2343	2342
2219	2282	2283	2344	2343
2220	2283	2284	2345	2344
2221	2285	2286	2347	2346
2222	2286	2287	2348	2347
2223	2287	2288	2349	2348
2224	2288	2289	2350	2349
2225	2289	2290	2351	2350
2226	2290	2291	2352	2351
2227	2291	2292	2353	2352
2228	2292	2293	2354	2353
2229	2293	2294	2355	2354
2230	2294	2295	2356	2355
2231	2295	2296	2357	2356
2232	2296	2297	2358	2357
2233	2297	2298	2359	2358
2234	2298	2299	2360	2359
2235	2299	2300	2361	2360
2236	2300	2301	2362	2361
2237	2301	2302	2363	2362
2238	2302	2303	2364	2363
2239	2303	2304	2365	2364
2240	2304	2305	2366	2365
2241	2305	2306	2367	2366
2242	2306	2307	2368	2367
2243	2307	2308	2369	2368
2244	2308	2309	2370	2369
2245	2309	2310	2371	2370
2246	2310	2311	2372	2371
2247	2311	2312	2373	2372
2248	2312	2313	2374	2373
2249	2313	2314	2375	2374
2250	2314	2315	2376	2375
2251	2315	2316	2377	2376
2252	2316	2317	2378	2377
2253	2317	2318	2379	2378
2254	2318	2319	2380	2379
2255	2319	2320	2381	2380
2256	2320	2321	2382	2381
2257	2321	2322	2383	2382
2258	2322	2323	2384	2383
2259	2323	2324	2385	2384
2260	2324	2325	2386	2385
2261	2325	2326	2387	2386
2262	2326	2327	2388	2387
2263	2327	2328	2389	2388
2264	2328	2329	2390	2389
2265	2329	2330	2391	2390
2266	2330	2331	2392	2391
2267	2331	2332	2393	2392
2268	2332	2333	2394	2393
2269	2333	2334	2395	2394
2270	2334	2335	2396	2395
2271	2335	2336	2397	2396
2272	2336	2337	2398	2397
2273	2337	2338	2399	2398
2274	2338	2339	2400	2399
2275	2339	2340	2401	2400
2276	2340	2341	2402	2401
2277	2341	2342	2403	2402
2278	2342	2343	2404	2403
2279	2343	2344	2405	2404
2280	2344	2345	2406	2405
2281	2346	2347	2408	2407
2282	2347	2348	2409	2408
2283	2348	2349	2410	2409
2284	2349	2350	2411	2410
2285	2350	2351	2412	2411
2286	2351	2352	2413	2412
2287	2352	2353	2414	2413
2288	2353	2354	2415	2414
2289	2354	2355	2416	2415
2290	2355	2356	2417	2416
2291	2356	2357	2418	2417
2292	2357	2358	2419	2418
2293	2358	2359	2420	2419
2294	2359	2360	2421	2420
2295	2360	2361	2422	2421
2296	2361	2362	2423	2422
2297	2362	2363	2424	2423
2298	2363	2364	2425	2424
2299	2364	2365	2426	2425
2300	2365	2366	2427	2426
2301	2366	2367	2428	2427
2302	2367	2368	2429	2428
2303	2368	2369	2430	2429
2304	2369	2370	2431	2430
2305	2370	2371	2432	2431
2306	2371	2372	2433	2432
2307	2372	2373	2434	2433
2308	2373	2374	2435	2434
2309	2374	2375	2436	2435
2310	2375	2376	2437	2436
2311	2376	2377	2438	2437
2312	2377	2378	2439	2438
2313	2378	2379	2440	2439
2314	2379	2380	2441	2440
2315	2380	2381	2442	2441
2316	2381	2382	2443	2442
2317	2382	2383	2444	2443
2318	2383	2384	2445	2444
2319	2384	2385	2446	2445
2320	2385	2386	2447	2446
2321	2386	2387	2448	2447
2322	2387	2388	2449	2448
2323	2388	2389	2450	2449
2324	2389	2390	2451	2450
2325	2390	2391	2452	2451
2326	2391	2392	2453	2452
2327	2392	2393	2454	2453
2328	2393	2394	2455	2454
2329	2394	2395	2456	2455
2330	2395	2396	2457	2456
2331	2396	2397	2458	2457
2332	2397	2398	2459	2458
2333	2398	2399	2460	2459
2334	2399	2400	2461	2460
2335	2400	2401	2462	2461
2336	2401	2402	2463	2462
2337	2402	2403	2464	2463
2338	2403	2404	2465	2464
2339	2404	2405	2466	2465
2340	2405	2406	2467	2466
2341	2407	2408	2469	2468
2342	2408	2409	2470	2469
2343	2409	2410	2471	2470
2344	2410	2411	2472	2471
2345	2411	2412	2473	2472
2346	2412	2413	2474	2473
2347	2413	2414	2475	2474
2348	2414	2415	2476	2475
2349	2415	2416	2477	2476
2350	2416	2417	2478	2477
2351	2417	2418	2479	2478
2352	2418	2419	2480	2479
2353	2419	2420	2481	2480
2354	2420	2421	2482	2481
2355	2421	2422	2483	2482
2356	2422	2423	2484	2483
2357	2423	2424	2485	2484
2358	2424	2425	2486	2485
2359	2425	2426	2487	2486
2360	2426	2427	2488	2487
2361	2427	2428	2489	2488
2362	2428	2429	2490	2489
2363	2429	2430	2491	2490
2364	2430	2431	2492	2491
2365	2431	2432	2493	2492
2366	2432	2433	2494	2493
2367	2433	2434	2495	2494
2368	2434	2435	2496	2495
2369	2435	2436	2497	2496
2370	2436	2437	2498	2497
2371	2437	2438	2499	2498
2372	2438	2439	2500	2499
2373	2439	2440	2501	2500
2374	2440	2441	2502	2501
2375	2441	2442	2503	2502
2376	2442	2443	2504	2503
2377	2443	2444	2505	2504
2378	2444	2445	2506	2505
2379	2445	2446	2507	2506
2380	2446	2447	2508	2507
2381	2447	2448	2509	2508
2382	2448	2449	2510	2509
2383	2449	2450	2511	2510
2384	2450	2451	2512	2511
2385	2451	2452	2513	2512
2386	2452	2453	2514	2513
2387	2453	2454	2515	2514
2388	2454	2455	2516	2515
2389	2455	2456	2517	2516
2390	2456	2457	2518	2517
2391	2457	2458	2519	2518
2392	2458	2459	2520	2519
2393	2459	2460	2521	2520
2394	2460	2461	2522	2521
2395	2461	2462	2523	2522
2396	2462	2463	2524	2523
2397	2463	2464	2525	2524
2398	2464	2465	2526	2525
2399	2465	2466	2527	2526
2400	2466	2467	2528	2527
2401	2468	2469	2530	2529
2402	2469	2470	2531	2530
2403	2470	2471	2532	2531
2404	2471	2472	2533	2532
2405	2472	2473	2534	2533
2406	2473	2474	2535	2534
2407	2474	2475	2536	2535
2408	2475	2476	2537	2536
2409	2476	2477	2538	2537
2410	2477	2478	2539	2538
2411	2478	2479	2540	2539
2412	2479	2480	2541	2540
2413	2480	2481	2542	2541
2414	2481	2482	2543	2542
2415	2482	2483	2544	2543
2416	2483	2484	2545	2544
2417	2484	2485	2546	2545
2418	2485	2486	2547	2546
2419	2486	2487	2548	2547
2420	2487	2488	2549	2548
2421	2488	2489	2550	2549
2422	2489	2490	2551	2550
2423	2490	2491	2552	2551
2424	2491	2492	2553	2552
2425	2492	2493	2554	2553
2426	2493	2494	2555	2554
2427	2494	2495	2556	2555
2428	2495	2496	2557	2556
2429	2496	2497	2558	2557
2430	2497	2498	2559	2558
2431	2498	2499	2560	2559
2432	2499	2500	2561	2560
2433	2500	2501	2562	2561
2434	2501	2502	2563	2562
2435	2502	2503	2564	2563
2436	2503	2504	2565	2564
2437	2504	2505	2566	2565
2438	2505	2506	2567	2566
2439	2506	2507	2568	2567
2440	2507	2508	2569	2568
2441	2508	2509	2570	2569
2442	2509	2510	2571	2570
2443	2510	2511	2572	2571
2444	2511	2512	2573	2572
2445	2512	2513	2574	2573
2446	2513	2514	2575	2574
2447	2514	2515	2576	2575
2448	2515	2516	2577	2576
2449	2516	2517	2578	2577
2450	2517	2518	2579	2578
2451	2518	2519	2580	2579
2452	2519	2520	2581	2580
2453	2520	2521	2582	2581
2454	2521	2522	2583	2582
2455	2522	2523	2584	2583
2456	2523	2524	2585	2584
2457	2524	2525	2586	2585
2458	2525	2526	2587	2586
2459	2526	2527	2588	2587
2460	2527	2528	2589	2588
2461	2529	2530	2591	2590
2462	2530	2531	2592	2591
2463	2531	2532	2593	2592
2464	2532	2533	2594	2593
2465	2533	2534	2595	2594
2466	2534	2535	2596	2595
2467	2535	2536	2597	2596
2468	2536	2537	2598	2597
2469	2537	2538	2599	2598
2470	2538	2539	2600	2599
2471	2539	2540	2601	2600
2472	2540	2541	2602	2601
2473	2541	2542	2603	2602
2474	2542	2543	2604	2603
2475	2543	2544	2605	2604
2476	2544	2545	2606	2605
2477	2545	2546	2607	2606
2478	2546	2547	2608	2607
2479	2547	2548	2609	2608
2480	2548	2549	2610	2609
2481	2549	2550	2611	2610
2482	2550	2551	2612	2611
2483	2551	2552	2613	2612
2484	2552	2553	2614	2613
2485	2553	2554	2615	2614
2486	2554	2555	2616	2615
2487	2555	2556	2617	2616
2488	2556	2557	2618	2617
2489	2557	2558	2619	2618
2490	2558	2559	2620	2619
2491	2559	2560	2621	2620
2492	2560	2561	2622	2621
2493	2561	2562	2623	2622
2494	2562	2563	2624	2623
2495	2563	2564	2625	2624
2496	2564	2565	2626	2625
2497	2565	2566	2627	2626
2498	2566	2567	2628	2627
2499	2567	2568	2629	2628
2500	2568	2569	2630	2629
2501	2569	2570	2631	2630
2502	2570	2571	2632	2631
2503	2571	2572	2633	2632
2504	2572	2573	2634	2633
2505	2573	2574	2635	2634
2506	2574	2575	2636	2635
2507	2575	2576	2637	2636
2508	2576	2577	2638	2637
2509	2577	2578	2639	2638
2510	2578	2579	2640	2639
2511	2579	2580	2641	2640
2512	2580	2581	2642	2641
2513	2581	2582	2643	2642
2514	2582	2583	2644	2643
2515	2583	2584	2645	2644
2516	2584	2585	2646	2645
2517	2585	2586	2647	2646
2518	2586	2587	2648	2647
2519	2587	2588	2649	2648
2520	2588	2589	2650	2649
2521	2590	2591	2652	2651
2522	2591	2592	2653	2652
2523	2592	2593	2654	2653
2524	2593	2594	2655	2654
2525	2594	2595	2656	2655
2526	2595	2596	2657	2656
2527	2596	2597	2658	2657
2528	2597	2598	2659	2658
2529	2598	2599	2660	2659
2530	2599	2600	2661	2660
2531	2600	2601	2662	2661
2532	2601	2602	2663	2662
2533	2602	2603	2664	2663
2534	2603	2604	2665	2664
2535	2604	2605	2666	2665
2536	2605	2606	2667	2666
2537	2606	2607	2668	2667
2538	2607	2608	2669	2668
2539	2608	2609	2670	2669
2540	2609	2610	2671	2670
2541	2610	2611	2672	2671
2542	2611	2612	2673	2672
2543	2612	2613	2674	2673
2544	2613	2614	2675	2674
2545	2614	2615	2676	2675
2546	2615	2616	2677	2676
2547	2616	2617	2678	2677
2548	2617	2618	2679	2678
2549	2618	2619	2680	2679
2550	2619	2620	2681	2680
2551	2620	2621	2682	2681
2552	2621	2622	2683	2682
2553	2622	2623	2684	2683
2554	2623	2624	2685	2684
2555	2624	2625	2686	2685
2556	2625	2626	2687	2686
2557	2626	2627	2688	2687
2558	2627	2628	2689	2688
2559	2628	2629	2690	2689
2560	2629	2630	2691	2690
2561	2630	2631	2692	2691
2562	2631	2632	2693	2692
2563	2632	2633	2694	2693
2564	2633	2634	2695	2694
2565	2634	2635	2696	2695
2566	2635	2636	2697	2696
2567	2636	2637	2698	2697
2568	2637	2638	2699	2698
2569	2638	2639	2700	2699
2570	2639	2640	2701	2700
2571	2640	2641	2702	2701
2572	2641	2642	2703	2702
2573	2642	2643	2704	2703
2574	2643	2644	2705	2704
2575	2644	2645	2706	2705
2576	2645	2646	2707	2706
2577	2646	2647	2708	2707
2578	2647	2648	2709	2708
2579	2648	2649	2710	2709
2580	2649	2650	2711	2710
2581	2651	2652	2713	2712
2582	2652	2653	2714	2713
2583	2653	2654	2715	2714
2584	2654	2655	2716	2715
2585	2655	2656	2717	2716
2586	2656	2657	2718	2717
2587	2657	2658	2719	2718
2588	2658	2659	2720	2719
2589	2659	2660	2721	2720
2590	2660	2661	2722	2721
2591	2661	2662	2723	2722
2592	2662	2663	2724	2723
2593	2663	2664	2725	2724
2594	2664	2665	2726	2725
2595	2665	2666	2727	2726
2596	2666	2667	2728	2727
2597	2667	2668	2729	2728
2598	2668	2669	2730	2729
2599	2669	2670	2731	2730
2600	2670	2671	2732	2731
2601	2671	2672	2733	2732
2602	2672	2673	2734	2733
2603	2673	2674	2735	2734
2604	2674	2675	2736	2735
2605	2675	2676	2737	2736
2606	2676	2677	2738	2737
2607	2677	2678	2739	2738
2608	2678	2679	2740	2739
2609	2679	2680	2741	2740
2610	2680	2681	2742	2741
2611	2681	2682	2743	2742
2612	2682	2683	2744	2743
2613	2683	2684	2745	2744
2614	2684	2685	2746	2745
2615	2685	2686	2747	2746
2616	2686	2687	2748	2747
2617	2687	2688	2749	2748
2618	2688	2689	2750	2749
2619	2689	2690	2751	2750
2620	2690	2691	2752	2751
2621	2691	2692	2753	2752
2622	2692	2693	2754	2753
2623	2693	2694	2755	2754
2624	2694	2695	2756	2755
2625	2695	2696	2757	2756
2626	2696	2697	2758	2757
2627	2697	2698	2759	2758
2628	2698	2699	2760	2759
2629	2699	2700	2761	2760
2630	2700	2701	2762	2761
2631	2701	2702	2763	2762
2632	2702	2703	2764	2763
2633	2703	2704	2765	2764
2634	2704	2705	2766	2765
2635	2705	2706	2767	2766
2636	2706	2707	2768	2767
2637	2707	2708	2769	2768
2638	2708	2709	2770	2769
2639	2709	2710	2771	2770
2640	2710	2711	2772	2771
2641	2712	2713	2774	2773
2642	2713	2714	2775	2774
2643	2714	2715	2776	2775
2644	2715	2716	2777	2776
2645	2716	2717	2778	2777
2646	2717	2718	2779	2778
2647	2718	2719	2780	2779
2648	2719	2720	2781	2780
2649	2720	2721	2782	2781
2650	2721	2722	2783	2782
2651	2722	2723	2784	2783
2652	2723	2724	2785	2784
2653	2724	2725	2786	2785
2654	2725	2726	2787	2786
2655	2726	2727	2788	2787
2656	2727	2728	2789	2788
2657	2728	2729	2790	2789
2658	2729	2730	2791	2790
2659	2730	2731	2792	2791
2660	2731	2732	2793	2792
2661	2732	2733	2794	2793
2662	2733	2734	2795	2794
2663	2734	2735	2796	2795
2664	2735	2736	2797	2796
2665	2736	2737	2798	2797
2666	2737	2738	2799	2798
2667	2738	2739	2800	2799
2668	2739	2740	2801	2800
2669	2740	2741	2802	2801
2670	2741	2742	2803	2802
2671	2742	2743	2804	2803
2672	2743	2744	2805	2804
2673	2744	2745	2806	2805
2674	2745	2746	2807	2806
2675	2746	2747	2808	2807
2676	2747	2748	2809	2808
2677	2748	2749	2810	2809
2678	2749	2750	2811	2810
2679	2750	2751	2812	2811
2680	2751	2752	2813	2812
2681	2752	2753	2814	2813
2682	2753	2754	2815	2814
2683	2754	2755	2816	2815
2684	2755	2756	2817	2816
2685	2756	2757	2818	2817
2686	2757	2758	2819	2818
2687	2758	2759	2820	2819
2688	2759	2760	2821	2820
2689	2760	2761	2822	2821
2690	2761	2762	2823	2822
2691	2762	2763	2824	2823
2692	2763	2764	2825	2824
2693	2764	2765	2826	2825
2694	2765	2766	2827	2826
2695	2766	2767	2828	2827
2696	2767	2768	2829	2828
2697	2768	2769	2830	2829
2698	2769	2770	2831	2830
2699	2770	2771	2832	2831
2700	2771	2772	2833	2832
2701	2773	2774	2835	2834
2702	2774	2775	2836	2835
2703	2775	2776	2837	2836
2704	2776	2777	2838	2837
2705	2777	2778	2839	2838
2706	2778	2779	2840	2839
2707	2779	2780	2841	2840
2708	2780	2781	2842	2841
2709	2781	2782	2843	2842
2710	2782	2783	2844	2843
2711	2783	2784	2845	2844
2712	2784	2785	2846	2845
2713	2785	2786	2847	2846
2714	2786	2787	2848	2847
2715	2787	2788	2849	2848
2716	2788	2789	2850	2849
2717	2789	2790	2851	2850
2718	2790	2791	2852	2851
2719	2791	2792	2853	2852
2720	2792	2793	2854	2853
2721	2793	2794	2855	2854
2722	2794	2795	2856	2855
2723	2795	2796	2857	2856
2724	2796	2797	2858	2857
2725	2797	2798	2859	2858
2726	2798	2799	2860	2859
2727	2799	2800	2861	2860
2728	2800	2801	2862	2861
2729	2801	2802	2863	2862
2730	2802	2803	2864	2863
2731	2803	2804	2865	2864
2732	2804	2805	2866	2865
2733	2805	2806	2867	2866
2734	2806	2807	2868	2867
2735	2807	2808	2869	2868
2736	2808	2809	2870	2869
2737	2809	2810	2871	2870
2738	2810	2811	2872	2871
2739	2811	2812	2873	2872
2740	2812	2813	2874	2873
2741	2813	2814	2875	2874
2742	2814	2815	2876	2875
2743	2815	2816	2877	2876
2744	2816	2817	2878	2877
2745	2817	2818	2879	2878
2746	2818	2819	2880	2879
2747	2819	2820	2881	2880
2748	2820	2821	2882	2881
2749	2821	2822	2883	2882
2750	2822	2823	2884	2883
2751	2823	2824	2885	2884
2752	2824	2825	2886	2885
2753	2825	2826	2887	2886
2754	2826	2827	2888	2887
2755	2827	2828	2889	2888
2756	2828	2829	2890	2889
2757	2829	2830	2891	2890
2758	2830	2831	2892	2891
2759	2831	2832	2893	2892
2760	2832	2833	2894	2893
2761	2834	2835	2896	2895
2762	2835	2836	2897	2896
2763	2836	2837	2898	2897
2764	2837	2838	2899	2898
2765	2838	2839	2900	2899
2766	2839	2840	2901	2900
2767	2840	2841	2902	2901
2768	2841	2842	2903	2902
2769	2842	2843	2904	2903
2770	2843	2844	2905	2904
2771	2844	2845	2906	2905
2772	2845	2846	2907	2906
2773	2846	2847	2908	2907
2774	2847	2848	2909	2908
2775	2848	2849	2910	2909
2776	2849	2850	2911	2910
2777	2850	2851	2912	2911
2778	2851	2852	2913	2912
2779	2852	2853	2914	2913
2780	2853	2854	2915	2914
2781	2854	2855	2916	2915
2782	2855	2856	2917	2916
2783	2856	2857	2918	2917
2784	2857	2858	2919	2918
2785	2858	2859	2920	2919
2786	2859	2860	2921	2920
2787	2860	2861	2922	2921
2788	2861	2862	2923	2922
2789	2862	2863	2924	2923
2790	2863	2864	2925	2924
2791	2864	2865	2926	2925
2792	2865	2866	2927	2926
2793	2866	2867	2928	2927
2794	2867	2868	2929	2928
2795	2868	2869	2930	2929
2796	2869	2870	2931	2930
2797	2870	2871	2932	2931
2798	2871	2872	2933	2932
2799	2872	2873	2934	2933
2800	2873	2874	2935	2934
2801	2874	2875	2936	2935
2802	2875	2876	2937	2936
2803	2876	2877	2938	2937
2804	2877	2878	2939	2938
2805	2878	2879	2940	2939
2806	2879	2880	2941	2940
2807	2880	2881	2942	2941
2808	2881	2882	2943	2942
2809	2882	2883	2944	2943
2810	2883	2884	2945	2944
2811	2884	2885	2946	2945
2812	2885	2886	2947	2946
2813	2886	2887	2948	2947
2814	2887	2888	2949	2948
2815	2888	2889	2950	2949
2816	2889	2890	2951	2950
2817	2890	2891	2952	2951
2818	2891	2892	2953	2952
2819	2892	2893	2954	2953
2820	2893	2894	2955	2954
2821	2895	2896	2957	2956
2822	2896	2897	2958	2957
2823	2897	2898	2959	2958
2824	2898	2899	2960	2959
2825	2899	2900	2961	2960
2826	2900	2901	2962	2961
2827	2901	2902	2963	2962
2828	2902	2903	2964	2963
2829	2903	2904	2965	2964
2830	2904	2905	2966	2965
2831	2905	2906	2967	2966
2832	2906	2907	2968	2967
2833	2907	2908	2969	2968
2834	2908	2909	2970	2969
2835	2909	2910	2971	2970
2836	2910	2911	2972	2971
2837	2911	2912	2973	2972
2838	2912	2913	2974	2973
2839	2913	2914	2975	2974
2840	2914	2915	2976	2975
2841	2915	2916	2977	2976
2842	2916	2917	2978	2977
2843	2917	2918	2979	2978
2844	2918	2919	2980	2979
2845	2919	2920	2981	2980
2846	2920	2921	2982	2981
2847	2921	2922	2983	2982
2848	2922	2923	2984	2983
2849	2923	2924	2985	2984
2850	2924	2925	2986	2985
2851	2925	2926	2987	2986
2852	2926	2927	2988	2987
2853	2927	2928	2989	2988
2854	2928	2929	2990	2989
2855	2929	2930	2991	2990
2856	2930	2931	2992	2991
2857	2931	2932	2993	2992
2858	2932	2933	2994	2993
2859	2933	2934	2995	2994
2860	2934	2935	2996	2995
2861	2935	2936	2997	2996
2862	2936	2937	2998	2997
2863	2937	2938	2999	2998
2864	2938	2939	3000	2999
2865	2939	2940	3001	3000
2866	2940	2941	3002	3001
2867	2941	2942	3003	3002
2868	2942	2943	3004	3003
2869	2943	2944	3005	3004
2870	2944	2945	3006	3005
2871	2945	2946	3007	3006
2872	2946	2947	3008	3007
2873	2947	2948	3009	3008
2874	2948	2949	3010	3009
2875	2949	2950	3011	3010
2876	2950	2951	3012	3011
2877	2951	2952	3013	3012
2878	2952	2953	3014	3013
2879	2953	2954	3015	3014
2880	2954	2955	3016	3015
2881	2956	2957	3018	3017
2882	2957	2958	3019	3018
2883	2958	2959	3020	3019
2884	2959	2960	3021	3020
2885	2960	2961	3022	3021
2886	2961	2962	3023	3022
2887	2962	2963	3024	3023
2888	2963	2964	3025	3024
2889	2964	2965	3026	3025
2890	2965	2966	3027	3026
2891	2966	2967	3028	3027
2892	2967	2968	3029	3028
2893	2968	2969	3030	3029
2894	2969	2970	3031	3030
2895	2970	2971	3032	3031
2896	2971	2972	3033	3032
2897	2972	2973	3034	3033
2898	2973	2974	3035	3034
2899	2974	2975	3036	3035
2900	2975	2976	3037	3036
2901	2976	2977	3038	3037
2902	2977	2978	3039	3038
2903	2978	2979	3040	3039
2904	2979	2980	3041	3040
2905	2980	2981	3042	3041
2906	2981	2982	3043	3042
2907	2982	2983	3044	3043
2908	2983	2984	3045	3044
2909	2984	2985	3046	3045
2910	2985	2986	3047	3046
2911	2986	2987	3048	3047
2912	2987	2988	3049	3048
2913	2988	2989	3050	3049
2914	2989	2990	3051	3050
2915	2990	2991	3052	3051
2916	2991	2992	3053	3052
2917	2992	2993	3054	3053
2918	2993	2994	3055	3054
2919	2994	2995	3056	3055
2920	2995	2996	3057	3056
2921	2996	2997	3058	3057
2922	2997	2998	3059	3058
2923	2998	2999	3060	3059
2924	2999	3000	3061	3060
2925	3000	3001	3062	3061
2926	3001	3002	3063	3062
2927	3002	3003	3064	3063
2928	3003	3004	3065	3064
2929	3004	3005	3066	3065
2930	3005	3006	3067	3066
2931	3006	3007	3068	3067
2932	3007	3008	3069	3068
2933	3008	3009	3070	3069
2934	3009	3010	3071	3070
2935	3010	3011	3072	3071
2936	3011	3012	3073	3072
2937	3012	3013	3074	3073
2938	3013	3014	3075	3074
2939	3014	3015	3076	3075
2940	3015	3016	3077	3076
2941	3017	3018	3079	3078
2942	3018	3019	3080	3079
2943	3019	3020	3081	3080
2944	3020	3021	3082	3081
2945	3021	3022	3083	3082
2946	3022	3023	3084	3083
2947	3023	3024	3085	3084
2948	3024	3025	3086	3085
2949	3025	3026	3087	3086
2950	3026	3027	3088	3087
2951	3027	3028	3089	3088
2952	3028	3029	3090	3089
2953	3029	3030	3091	3090
2954	3030	3031	3092	3091
2955	3031	3032	3093	3092
2956	3032	3033	3094	3093
2957	3033	3034	3095	3094
2958	3034	3035	3096	3095
2959	3035	3036	3097	3096
2960	3036	3037	3098	3097
2961	3037	3038	3099	3098
2962	3038	3039	3100	3099
2963	3039	3040	3101	3100
2964	3040	3041	3102	3101
2965	3041	3042	3103	3102
2966	3042	3043	3104	3103
2967	3043	3044	3105	3104
2968	3044	3045	3106	3105
2969	3045	3046	3107	3106
2970	3046	3047	3108	3107
2971	3047	3048	3109	3108
2972	3048	3049	3110	3109
2973	3049	3050	3111	3110
2974	3050	3051	3112	3111
2975	3051	3052	3113	3112
2976	3052	3053	3114	3113
2977	3053	3054	3115	3114
2978	3054	3055	3116	3115
2979	3055	3056	3117	3116
2980	3056	3057	3118	3117
2981	3057	3058	3119	3118
2982	3058	3059	3120	3119
2983	3059	3060	3121	3120
2984	3060	3061	3122	3121
2985	3061	3062	3123	3122
2986	3062	3063	3124	3123
2987	3063	3064	3125	3124
2988	3064	3065	3126	3125
2989	3065	3066	3127	3126
2990	3066	3067	3128	3127
2991	3067	3068	3129	3128
2992	3068	3069	3130	3129
2993	3069	3070	3131	3130
2994	3070	3071	3132	3131
2995	3071	3072	3133	3132
2996	3072	3073	3134	3133
2997	3073	3074	3135	3134
2998	3074	3075	3136	3135
2999	3075	3076	3137	3136
3000	3076	3077	3138	3137
3001	3078	3079	3140	3139
3002	3079	3080	3141	3140
3003	3080	3081	3142	3141
3004	3081	3082	3143	3142
3005	3082	3083	3144	3143
3006	3083	3084	3145	3144
3007	3084	3085	3146	3145
3008	3085	3086	3147	3146
3009	3086	3087	3148	3147
3010	3087	3088	3149	3148
3011	3088	3089	3150	3149
3012	3089	3090	3151	3150
3013	3090	3091	3152	3151
3014	3091	3092	3153	3152
3015	3092	3093	3154	3153
3016	3093	3094	3155	3154
3017	3094	3095	3156	3155
3018	3095	3096	3157	3156
3019	3096	3097	3158	3157
3020	3097	3098	3159	3158
3021	3098	3099	3160	3159
3022	3099	3100	3161	3160
3023	3100	3101	3162	3161
3024	3101	3102	3163	3162
3025	3102	3103	3164	3163
3026	3103	3104	3165	3164
3027	3104	3105	3166	3165
3028	3105	3106	3167	3166
3029	3106	3107	3168	3167
3030	3107	3108	3169	3168
3031	3108	3109	3170	3169
3032	3109	3110	3171	3170
3033	3110	3111	3172	3171
3034	3111	3112	3173	3172
3035	3112	3113	3174	3173
3036	3113	3114	3175	3174
3037	3114	3115	3176	3175
3038	3115	3116	3177	3176
3039	3116	3117	3178	3177
3040	3117	3118	3179	3178
3041	3118	3119	3180	3179
3042	3119	3120	3181	3180
3043	3120	3121	3182	3181
3044	3121	3122	3183	3182
3045	3122	3123	3184	3183
3046	3123	3124	3185	3184
3047	3124	3125	3186	3185
3048	3125	3126	3187	3186
3049	3126	3127	3188	3187
3050	3127	3128	3189	3188
3051	3128	3129	3190	3189
3052	3129	3130	3191	3190
3053	3130	3131	3192	3191
3054	3131	3132	3193	3192
3055	3132	3133	3194	3193
3056	3133	3134	3195	3194
3057	3134	3135	3196	3195
3058	3135	3136	3197	3196
3059	3136	3137	3198	3197
3060	3137	3138	3199	3198
3061	3139	3140	3201	3200
3062	3140	3141	3202	3201
3063	3141	3142	3203	3202
3064	3142	3143	3204	3203
3065	3143	3144	3205	3204
3066	3144	3145	3206	3205
3067	3145	3146	3207	3206
3068	3146	3147	3208	3207
3069	3147	3148	3209	3208
3070	3148	3149	3210	3209
3071	3149	3150	3211	3210
3072	3150	3151	3212	3211
3073	3151	3152	3213	3212
3074	3152	3153	3214	3213
3075	3153	3154	3215	3214
3076	3154	3155	3216	3215
3077	3155	3156	3217	3216
3078	3156	3157	3218	3217
3079	3157	3158	3219	3218
3080	3158	3159	3220	3219
3081	3159	3160	3221	3220
3082	3160	3161	3222	3221
3083	3161	3162	3223	3222
3084	3162	3163	3224	3223
3085	3163	3164	3225	3224
3086	3164	3165	3226	3225
3087	3165	3166	3227	3226
3088	3166	3167	3228	3227
3089	3167	3168	3229	3228
3090	3168	3169	3230	3229
3091	3169	3170	3231	3230
3092	3170	3171	3232	3231
3093	3171	3172	3233	3232
3094	3172	3173	3234	3233
3095	3173	3174	3235	3234
3096	3174	3175	3236	3235
3097	3175	3176	3237	3236
3098	3176	3177	3238	3237
3099	3177	3178	3239	3238
3100	3178	3179	3240	3239
3101	3179	3180	3241	3240
3102	3180	3181	3242	3241
3103	3181	3182	3243	3242
3104	3182	3183	3244	3243
3105	3183	3184	3245	3244
3106	3184	3185	3246	3245
3107	3185	3186	3247	3246
3108	3186	3187	3248	3247
3109	3187	3188	3249	3248
3110	3188	3189	3250	3249
3111	3189	3190	3251	3250
3112	3190	3191	3252	3251
3113	3191	3192	3253	3252
3114	3192	3193	3254	3253
3115	3193	3194	3255	3254
3116	3194	3195	3256	3255
3117	3195	3196	3257	3256
3118	3196	3197	3258	3257
3119	3197	3198	3259	3258
3120	3198	3199	3260	3259
3121	3200	3201	3262	3261
3122	3201	3202	3263	3262
3123	3202	3203	3264	3263
3124	3203	3204	3265	3264
3125	3204	3205	3266	3265
3126	3205	3206	3267	3266
3127	3206	3207	3268	3267
3128	3207	3208	3269	3268
3129	3208	3209	3270	3269
3130	3209	3210	3271	3270
3131	3210	3211	3272	3271
3132	3211	3212	3273	3272
3133	3212	3213	3274	3273
3134	3213	3214	3275	3274
3135	3214	3215	3276	3275
3136	3215	3216	3277	3276
3137	3216	3217	3278	3277
3138	3217	3218	3279	3278
3139	3218	3219	3280	3279
3140	3219	3220	3281	3280
3141	3220	3221	3282	3281
3142	3221	3222	3283	3282
3143	3222	3223	3284	3283
3144	3223	3224	3285	3284
3145	3224	3225	3286	3285
3146	3225	3226	3287	3286
3147	3226	3227	3288	3287
3148	3227	3228	3289	3288
3149	3228	3229	3290	3289
3150	3229	3230	3291	3290
3151	3230	3231	3292	3291
3152	3231	3232	3293	3292
3153	3232	3233	3294	3293
3154	3233	3234	3295	3294
3155	3234	3235	3296	3295
3156	3235	3236	3297	3296
3157	3236	3237	3298	3297
3158	3237	3238	3299	3298
3159	3238	3239	3300	3299
3160	3239	3240	3301	3300
3161	3240	3241	3302	3301
3162	3241	3242	3303	3302
3163	3242	3243	3304	3303
3164	3243	3244	3305	3304
3165	3244	3245	3306	3305
3166	3245	3246	3307	3306
3167	3246	3247	3308	3307
3168	3247	3248	3309	3308
3169	3248	3249	3310	3309
3170	3249	3250	3311	3310
3171	3250	3251	3312	3311
3172	3251	3252	3313	3312
3173	3252	3253	3314	3313
3174	3253	3254	3315	3314
3175	3254	3255	3316	3315
3176	3255	3256	3317	3316
3177	3256	3257	3318	3317
3178	3257	3258	3319	3318
3179	3258	3259	3320	3319
3180	3259	3260	3321	3320
3181	3261	3262	3323	3322
3182	3262	3263	3324	3323
3183	3263	3264	3325	3324
3184	3264	3265	3326	3325
3185	3265	3266	3327	3326
3186	3266	3267	3328	3327
3187	3267	3268	3329	3328
3188	3268	3269	3330	3329
3189	3269	3270	3331	3330
3190	3270	3271	3332	3331
3191	3271	3272	3333	3332
3192	3272	3273	3334	3333
3193	3273	3274	3335	3334
3194	3274	3275	3336	3335
3195	3275	3276	3337	3336
3196	3276	3277	3338	3337
3197	3277	3278	3339	3338
3198	3278	3279	3340	3339
3199	3279	3280	3341	3340
3200	3280	3281	3342	3341
3201	3281	3282	3343	3342
3202	3282	3283	3344	3343
3203	3283	3284	3345	3344
3204	3284	3285	3346	3345
3205	3285	3286	3347	3346
3206	3286	3287	3348	3347
3207	3287	3288	3349	3348
3208	3288	3289	3350	3349
3209	3289	3290	3351	3350
3210	3290	3291	3352	3351
3211	3291	3292	3353	3352
3212	3292	3293	3354	3353
3213	3293	3294	3355	3354
3214	3294	3295	3356	3355
3215	3295	3296	3357	3356
3216	3296	3297	3358	3357
3217	3297	3298	3359	3358
3218	3298	3299	3360	3359
3219	3299	3300	3361	3360
3220	3300	3301	3362	3361
3221	3301	3302	3363	3362
3222	3302	3303	3364	3363
3223	3303	3304	3365	3364
3224	3304	3305	3366	3365
3225	3305	3306	3367	3366
3226	3306	3307	3368	3367
3227	3307	3308	3369	3368
3228	3308	3309	3370	3369
3229	3309	3310	3371	3370
3230	3310	3311	3372	3371
3231	3311	3312	3373	3372
3232	3312	3313	3374	3373
3233	3313	3314	3375	3374
3234	3314	3315	3376	3375
3235	3315	3316	3377	3376
3236	3316	3317	3378	3377
3237	3317	3318	3379	3378
3238	3318	3319	3380	3379
3239	3319	3320	3381	3380
3240	3320	3321	3382	3381
3241	3322	3323	3384	3383
3242	3323	3324	3385	3384
3243	3324	3325	3386	3385
3244	3325	3326	3387	3386
3245	3326	3327	3388	3387
3246	3327	3328	3389	3388
3247	3328	3329	3390	3389
3248	3329	3330	3391	3390
3249	3330	3331	3392	3391
3250	3331	3332	3393	3392
3251	3332	3333	3394	3393
3252	3333	3334	3395	3394
3253	3334	3335	3396	3395
3254	3335	3336	3397	3396
3255	3336	3337	3398	3397
3256	3337	3338	3399	3398
3257	3338	3339	3400	3399
3258	3339	3340	3401	3400
3259	3340	3341	3402	3401
3260	3341	3342	3403	3402
3261	3342	3343	3404	3403
3262	3343	3344	3405	3404
3263	3344	3345	3406	3405
3264	3345	3346	3407	3406
3265	3346	3347	3408	3407
3266	3347	3348	3409	3408
3267	3348	3349	3410	3409
3268	3349	3350	3411	3410
3269	3350	3351	3412	3411
3270	3351	3352	3413	3412
3271	3352	3353	3414	3413
3272	3353	3354	3415	3414
3273	3354	3355	3416	3415
3274	3355	3356	3417	3416
3275	3356	3357	3418	3417
3276	3357	3358	3419	3418
3277	3358	3359	3420	3419
3278	3359	3360	3421	3420
3279	3360	3361	3422	3421
3280	3361	3362	3423	3422
3281	3362	3363	3424	3423
3282	3363	3364	3425	3424
3283	3364	3365	3426	3425
3284	3365	3366	3427	3426
3285	3366	3367	3428	3427
3286	3367	3368	3429	3428
3287	3368	3369	3430	3429
3288	3369	3370	3431	3430
3289	3370	3371	3432	3431
3290	3371	3372	3433	3432
3291	3372	3373	3434	3433
3292	3373	3374	3435	3434
3293	3374	3375	3436	3435
3294	3375	3376	3437	3436
3295	3376	3377	3438	3437
3296	3377	3378	3439	3438
3297	3378	3379	3440	3439
3298	3379	3380	3441	3440
3299	3380	3381	3442	3441
3300	3381	3382	3443	3442
3301	3383	3384	3445	3444
3302	3384	3385	3446	3445
3303	3385	3386	3447	3446
3304	3386	3387	3448	3447
3305	3387	3388	3449	3448
3306	3388	3389	3450	3449
3307	3389	3390	3451	3450
3308	3390	3391	3452	3451
3309	3391	3392	3453	3452
3310	3392	3393	3454	3453
3311	3393	3394	3455	3454
3312	3394	3395	3456	3455
3313	3395	3396	3457	3456
3314	3396	3397	3458	3457
3315	3397	3398	3459	3458
3316	3398	3399	3460	3459
3317	3399	3400	3461	3460
3318	3400	3401	3462	3461
3319	3401	3402	3463	3462
3320	3402	3403	3464	3463
3321	3403	3404	3465	3464
3322	3404	3405	3466	3465
3323	3405	3406	3467	3466
3324	3406	3407	3468	3467
3325	3407	3408	3469	3468
3326	3408	3409	3470	3469
3327	3409	3410	3471	3470
3328	3410	3411	3472	3471
3329	3411	3412	3473	3472
3330	3412	3413	3474	3473
3331	3413	3414	3475	3474
3332	3414	3415	3476	3475
3333	3415	3416	3477	3476
3334	3416	3417	3478	3477
3335	3417	3418	3479	3478
3336	3418	3419	3480	3479
3337	3419	3420	3481	3480
3338	3420	3421	3482	3481
3339	3421	3422	3483	3482
3340	3422	3423	3484	3483
3341	3423	3424	3485	3484
3342	3424	3425	3486	3485
3343	3425	3426	3487	3486
3344	3426	3427	3488	3487
3345	3427	3428	3489	3488
3346	3428	3429	3490	3489
3347	3429	3430	3491	3490
3348	3430	3431	3492	3491
3349	3431	3432	3493	3492
3350	3432	3433	3494	3493
3351	3433	3434	3495	3494
3352	3434	3435	3496	3495
3353	3435	3436	3497	3496
3354	3436	3437	3498	3497
3355	3437	3438	3499	3498
3356	3438	3439	3500	3499
3357	3439	3440	3501	3500
3358	3440	3441	3502	3501
3359	3441	3442	3503	3502
3360	3442	3443	3504	3503
3361	3444	3445	3506	3505
3362	3445	3446	3507	3506
3363	3446	3447	3508	3507
3364	3447	3448	3509	3508
3365	3448	3449	3510	3509
3366	3449	3450	3511	3510
3367	3450	3451	3512	3511
3368	3451	3452	3513	3512
3369	3452	3453	3514	3513
3370	3453	3454	3515	3514
3371	3454	3455	3516	3515
3372	3455	3456	3517	3516
3373	3456	3457	3518	3517
3374	3457	3458	3519	3518
3375	3458	3459	3520	3519
3376	3459	3460	3521	3520
3377	3460	3461	3522	3521
3378	3461	3462	3523	3522
3379	3462	3463	3524	3523
3380	3463	3464	3525	3524
3381	3464	3465	3526	3525
3382	3465	3466	3527	3526
3383	3466	3467	3528	3527
3384	3467	3468	3529	3528
3385	3468	3469	3530	3529
3386	3469	3470	3531	3530
3387	3470	3471	3532	3531
3388	3471	3472	3533	3532
3389	3472	3473	3534	3533
3390	3473	3474	3535	3534
3391	3474	3475	3536	3535
3392	3475	3476	3537	3536
3393	3476	3477	3538	3537
3394	3477	3478	3539	3538
3395	3478	3479	3540	3539
3396	3479	3480	3541	3540
3397	3480	3481	3542	3541
3398	3481	3482	3543	3542
3399	3482	3483	3544	3543
3400	3483	3484	3545	3544
3401	3484	3485	3546	3545
3402	3485	3486	3547	3546
3403	3486	3487	3548	3547
3404	3487	3488	3549	3548
3405	3488	3489	3550	3549
3406	3489	3490	3551	3550
3407	3490	3491	3552	3551
3408	3491	3492	3553	3552
3409	3492	3493	3554	3553
3410	3493	3494	3555	3554
3411	3494	3495	3556	3555
3412	3495	3496	3557	3556
3413	3496	3497	3558	3557
3414	3497	3498	3559	3558
3415	3498	3499	3560	3559
3416	3499	3500	3561	3560
3417	3500	3501	3562	3561
3418	3501	3502	3563	3562
3419	3502	3503	3564	3563
3420	3503	3504	3565	3564
3421	3505	3506	3567	3566
3422	3506	3507	3568	3567
3423	3507	3508	3569	3568
3424	3508	3509	3570	3569
3425	3509	3510	3571	3570
3426	3510	3511	3572	3571
3427	3511	3512	3573	3572
3428	3512	3513	3574	3573
3429	3513	3514	3575	3574
3430	3514	3515	3576	3575
3431	3515	3516	3577	3576
3432	3516	3517	3578	3577
3433	3517	3518	3579	3578
3434	3518	3519	3580	3579
3435	3519	3520	3581	3580
3436	3520	3521	3582	3581
3437	3521	3522	3583	3582
3438	3522	3523	3584	3583
3439	3523	3524	3585	3584
3440	3524	3525	3586	3585
3441	3525	3526	3587	3586
3442	3526	3527	3588	3587
3443	3527	3528	3589	3588
3444	3528	3529	3590	3589
3445	3529	3530	3591	3590
3446	3530	3531	3592	3591
3447	3531	3532	3593	3592
3448	3532	3533	3594	3593
3449	3533	3534	3595	3594
3450	3534	3535	3596	3595
3451	3535	3536	3597	3596
3452	3536	3537	3598	3597
3453	3537	3538	3599	3598
3454	3538	3539	3600	3599
3455	3539	3540	3601	3600
3456	3540	3541	3602	3601
3457	3541	3542	3603	3602
3458	3542	3543	3604	3603
3459	3543	3544	3605	3604
3460	3544	3545	3606	3605
3461	3545	3546	3607	3606
3462	3546	3547	3608	3607
3463	3547	3548	3609	3608
3464	3548	3549	3610	3609
3465	3549	3550	3611	3610
3466	3550	3551	3612	3611
3467	3551	3552	3613	3612
3468	3552	3553	3614	3613
3469	3553	3554	3615	3614
3470	3554	3555	3616	3615
3471	3555	3556	3617	3616
3472	3556	3557	3618	3617
3473	3557	3558	3619	3618
3474	3558	3559	3620	3619
3475	3559	3560	3621	3620
3476	3560	3561	3622	3621
3477	3561	3562	3623	3622
3478	3562	3563	3624	3623
3479	3563	3564	3625	3624
3480	3564	3565	3626	3625
3481	3566	3567	3628	3627
3482	3567	3568	3629	3628
3483	3568	3569	3630	3629
3484	3569	3570	3631	3630
3485	3570	3571	3632	3631
3486	3571	3572	3633	3632
3487	3572	3573	3634	3633
3488	3573	3574	3635	3634
3489	3574	3575	3636	3635
3490	3575	3576	3637	3636
3491	3576	3577	3638	3637
3492	3577	3578	3639	3638
3493	3578	3579	3640	3639
3494	3579	3580	3641	3640
3495	3580	3581	3642	3641
3496	3581	3582	3643	3642
3497	3582	3583	3644	3643
3498	3583	3584	3645	3644
3499	3584	3585	3646	3645
3500	3585	3586	3647	3646
3501	3586	3587	3648	3647
3502	3587	3588	3649	3648
3503	3588	3589	3650	3649
3504	3589	3590	3651	3650
3505	3590	3591	3652	3651
3506	3591	3592	3653	3652
3507	3592	3593	3654	3653
3508	3593	3594	3655	3654
3509	3594	3595	3656	3655
3510	3595	3596	3657	3656
3511	3596	3597	3658	3657
3512	3597	3598	3659	3658
3513	3598	3599	3660	3659
3514	3599	3600	3661	3660
3515	3600	3601	3662	3661
3516	3601	3602	3663	3662
3517	3602	3603	3664	3663
3518	3603	3604	3665	3664
3519	3604	3605	3666	3665
3520	3605	3606	3667	3666
3521	3606	3607	3668	3667
3522	3607	3608	3669	3668
3523	3608	3609	3670	3669
3524	3609	3610	3671	3670
3525	3610	3611	3672	3671
3526	3611	3612	3673	3672
3527	3612	3613	3674	3673
3528	3613	3614	3675	3674
3529	3614	3615	3676	3675
3530	3615	3616	3677	3676
3531	3616	3617	3678	3677
3532	3617	3618	3679	3678
3533	3618	3619	3680	3679
3534	3619	3620	3681	3680
3535	3620	3621	3682	3681
3536	3621	3622	3683	3682
3537	3622	3623	3684	3683
3538	3623	3624	3685	3684
3539	3624	3625	3686	3685
3540	3625	3626	3687	3686
3541	3627	3628	3689	3688
3542	3628	3629	3690	3689
3543	3629	3630	3691	3690
3544	3630	3631	3692	3691
3545	3631	3632	3693	3692
3546	3632	3633	3694	3693
3547	3633	3634	3695	3694
3548	3634	3635	3696	3695
3549	3635	3636	3697	3696
3550	3636	3637	3698	3697
3551	3637	3638	3699	3698
3552	3638	3639	3700	3699
3553	3639	3640	3701	3700
3554	3640	3641	3702	3701
3555	3641	3642	3703	3702
3556	3642	3643	3704	3703
3557	3643	3644	3705	3704
3558	3644	3645	3706	3705
3559	3645	3646	3707	3706
3560	3646	3647	3708	3707
3561	3647	3648	3709	3708
3562	3648	3649	3710	3709
3563	3649	3650	3711	3710
3564	3650	3651	3712	3711
3565	3651	3652	3713	3712
3566	3652	3653	3714	3713
3567	3653	3654	3715	3714
3568	3654	3655	3716	3715
3569	3655	3656	3717	3716
3570	3656	3657	3718	3717
3571	3657	3658	3719	3718
3572	3658	3659	3720	3719
3573	3659	3660	3721	3720
3574	3660	3661	3722	3721
3575	3661	3662	3723	3722
3576	3662	3663	3724	3723
3577	3663	3664	3725	3724
3578	3664	3665	3726	3725
3579	3665	3666	3727	3726
3580	3666	3667	3728	3727
3581	3667	3668	3729	3728
3582	3668	3669	3730	3729
3583	3669	3670	3731	3730
3584	3670	3671	3732	3731
3585	3671	3672	3733	3732
3586	3672	3673	3734	3733
3587	3673	3674	3735	3734
3588	3674	3675	3736	3735
3589	3675	3676	3737	3736
3590	3676	3677	3738	3737
3591	3677	3678	3739	3738
3592	3678	3679	3740	3739
3593	3679	3680	3741	3740
3594	3680	3681	3742	3741
3595	3681	3682	3743	3742
3596	3682	3683	3744	3743
3597	3683	3684	3745	3744
3598	3684	3685	3746	3745
3599	3685	3686	3747	3746
3600	3686	3687	3748	3747
3601	3688	3689	3750	3749
3602	3689	3690	3751	3750
3603	3690	3691	3752	3751
3604	3691	3692	3753	3752
3605	3692	3693	3754	3753
3606	3693	3694	3755	3754
3607	3694	3695	3756	3755
3608	3695	3696	3757	3756
3609	3696	3697	3758	3757
3610	3697	3698	3759	3758
3611	3698	3699	3760	3759
3612	3699	3700	3761	3760
3613	3700	3701	3762	3761
3614	3701	3702	3763	3762
3615	3702	3703	3764	3763
3616	3703	3704	3765	3764
3617	3704	3705	3766	3765
3618	3705	3706	3767	3766
3619	3706	3707	3768	3767
3620	3707	3708	3769	3768
3621	3708	3709	3770	3769
3622	3709	3710	3771	3770
3623	3710	3711	3772	3771
3624	3711	3712	3773	3772
3625	3712	3713	3774	3773
3626	3713	3714	3775	3774
3627	3714	3715	3776	3775
3628	3715	3716	3777	3776
3629	3716	3717	3778	3777
3630	3717	3718	3779	3778
3631	3718	3719	3780	3779
3632	3719	3720	3781	3780
3633	3720	3721	3782	3781
3634	3721	3722	3783	3782
3635	3722	3723	3784	3783
3636	3723	3724	3785	3784
3637	3724	3725	3786	3785
3638	3725	3726	3787	3786
3639	3726	3727	3788	3787
3640	3727	3728	3789	3788
3641	3728	3729	3790	3789
3642	3729	3730	3791	3790
3643	3730	3731	3792	3791
3644	3731	3732	3793	3792
3645	3732	3733	3794	3793
3646	3733	3734	3795	3794
3647	3734	3735	3796	3795
3648	3735	3736	3797	3796
3649	3736	3737	3798	3797
3650	3737	3738	3799	3798
3651	3738	3739	3800	3799
3652	3739	3740	3801	3800
3653	3740	3741	3802	3801
3654	3741	3742	3803	3802
3655	3742	3743	3804	3803
3656	3743	3744	3805	3804
3657	3744	3745	3806	3805
3658	3745	3746	3807	3806
3659	3746	3747	3808	3807
3660	3747	3748	3809	3808
3661	3749	3750	3811	3810
3662	3750	3751	3812	3811
3663	3751	3752	3813	3812
3664	3752	3753	3814	3813
3665	3753	3754	3815	3814
3666	3754	3755	3816	3815
3667	3755	3756	3817	3816
3668	3756	3757	3818	3817
3669	3757	3758	3819	3818
3670	3758	3759	3820	3819
3671	3759	3760	3821	3820
3672	3760	3761	3822	3821
3673	3761	3762	3823	3822
3674	3762	3763	3824	3823
3675	3763	3764	3825	3824
3676	3764	3765	3826	3825
3677	3765	3766	3827	3826
3678	3766	3767	3828	3827
3679	3767	3768	3829	3828
3680	3768	3769	3830	3829
3681	3769	3770	3831	3830
3682	3770	3771	3832	3831
3683	3771	3772	3833	3832
3684	3772	3773	3834	3833
3685	3773	3774	3835	3834
3686	3774	3775	3836	3835
3687	3775	3776	3837	3836
3688	3776	3777	3838	3837
3689	3777	3778	3839	3838
3690	3778	3779	3840	3839
3691	3779	3780	3841	3840
3692	3780	3781	3842	3841
3693	3781	3782	3843	3842
3694	3782	3783	3844	3843
3695	3783	3784	3845	3844
3696	3784	3785	3846	3845
3697	3785	3786	3847	3846
3698	3786	3787	3848	3847
3699	3787	3788	3849	3848
3700	3788	3789	3850	3849
3701	3789	3790	3851	3850
3702	3790	3791	3852	3851
3703	3791	3792	3853	3852
3704	3792	3793	3854	3853
3705	3793	3794	3855	3854
3706	3794	3795	3856	3855
3707	3795	3796	3857	3856
3708	3796	3797	3858	3857
3709	3797	3798	3859	3858
3710	3798	3799	3860	3859
3711	3799	3800	3861	3860
3712	3800	3801	3862	3861
3713	3801	3802	3863	3862
3714	3802	3803	3864	3863
3715	3803	3804	3865	3864
3716	3804	3805	3866	3865
3717	3805	3806	3867	3866
3718	3806	3807	3868	3867
3719	3807	3808	3869	3868
3720	3808	3809	3870	3869
3721	3810	3811	3872	3871
3722	3811	3812	3873	3872
3723	3812	3813	3874	3873
3724	3813	3814	3875	3874
3725	3814	3815	3876	3875
3726	3815	3816	3877	3876
3727	3816	3817	3878	3877
3728	3817	3818	3879	3878
3729	3818	3819	3880	3879
3730	3819	3820	3881	3880
3731	3820	3821	3882	3881
3732	3821	3822	3883	3882
3733	3822	3823	3884	3883
3734	3823	3824	3885	3884
3735	3824	3825	3886	3885
3736	3825	3826	3887	3886
3737	3826	3827	3888	3887
3738	3827	3828	3889	3888
3739	3828	3829	3890	3889
3740	3829	3830	3891	3890
3741	3830	3831	3892	3891
3742	3831	3832	3893	3892
3743	3832	3833	3894	3893
3744	3833	3834	3895	3894
3745	3834	3835	3896	3895
3746	3835	3836	3897	3896
3747	3836	3837	3898	3897
3748	3837	3838	3899	3898
3749	3838	3839	3900	3899
3750	3839	3840	3901	3900
3751	3840	3841	3902	3901
3752	3841	3842	3903	3902
3753	3842	3843	3904	3903
3754	3843	3844	3905	3904
3755	3844	3845	3906	3905
3756	3845	3846	3907	3906
3757	3846	3847	3908	3907
3758	3847	3848	3909	3908
3759	3848	3849	3910	3909
3760	3849	3850	3911	3910
3761	3850	3851	3912	3911
3762	3851	3852	3913	3912
3763	3852	3853	3914	3913
3764	3853	3854	3915	3914
3765	3854	3855	3916	3915
3766	3855	3856	3917	3916
3767	3856	3857	3918	3917
3768	3857	3858	3919	3918
3769	3858	3859	3920	3919
3770	3859	3860	3921	3920
3771	3860	3861	3922	3921
3772	3861	3862	3923	3922
3773	3862	3863	3924	3923
3774	3863	3864	3925	3924
3775	3864	3865	3926	3925
3776	3865	3866	3927	3926
3777	3866	3867	3928	3927
3778	3867	3868	3929	3928
3779	3868	3869	3930	3929
3780	3869	3870	3931	3930
