Element Number	Nodes			
1	1716	7	1727	5
2	1717	11	7	1716
3	1718	15	11	1717
4	1719	19	15	1718
5	1720	23	19	1719
6	1721	27	23	1720
7	1722	31	27	1721
8	1723	35	31	1722
9	1724	39	35	1723
10	1725	43	39	1724
11	1726	47	43	1725
12	6	1668	47	1726
13	7	8	1728	1727
14	11	12	8	7
15	15	16	12	11
16	19	20	16	15
17	23	24	20	19
18	27	28	24	23
19	31	32	28	27
20	35	36	32	31
21	39	40	36	35
22	43	44	40	39
23	47	48	44	43
24	1668	1669	48	47
25	8	9	1729	1728
26	12	13	9	8
27	16	17	13	12
28	20	21	17	16
29	24	25	21	20
30	28	29	25	24
31	32	33	29	28
32	36	37	33	32
33	40	41	37	36
34	44	45	41	40
35	48	49	45	44
36	1669	1670	49	48
37	9	10	1730	1729
38	13	14	10	9
39	17	18	14	13
40	21	22	18	17
41	25	26	22	21
42	29	30	26	25
43	33	34	30	29
44	37	38	34	33
45	41	42	38	37
46	45	46	42	41
47	49	50	46	45
48	1670	1671	50	49
49	10	1731	4	1730
50	14	1732	1731	10
51	18	1733	1732	14
52	22	1734	1733	18
53	26	1735	1734	22
54	30	1736	1735	26
55	34	1737	1736	30
56	38	1738	1737	34
57	42	1739	1738	38
58	46	1740	1739	42
59	50	1741	1740	46
60	1671	1742	1741	50
61	1775	51	1776	3
62	1774	100	51	1775
63	1773	149	100	1774
64	1772	198	149	1773
65	1771	247	198	1772
66	1770	296	247	1771
67	1769	345	296	1770
68	1768	394	345	1769
69	1767	443	394	1768
70	1766	492	443	1767
71	1765	541	492	1766
72	1764	590	541	1765
73	1763	639	590	1764
74	1762	688	639	1763
75	1761	737	688	1762
76	1760	786	737	1761
77	1759	835	786	1760
78	1758	884	835	1759
79	1757	933	884	1758
80	1756	982	933	1757
81	1755	1031	982	1756
82	1754	1080	1031	1755
83	1753	1129	1080	1754
84	1752	1178	1129	1753
85	1751	1227	1178	1752
86	1750	1276	1227	1751
87	1749	1325	1276	1750
88	1748	1374	1325	1749
89	1747	1423	1374	1748
90	1746	1472	1423	1747
91	1745	1521	1472	1746
92	1744	1570	1521	1745
93	1743	1619	1570	1744
94	1742	1671	1619	1743
95	51	52	1777	1776
96	100	101	52	51
97	149	150	101	100
98	198	199	150	149
99	247	248	199	198
100	296	297	248	247
101	345	346	297	296
102	394	395	346	345
103	443	444	395	394
104	492	493	444	443
105	541	542	493	492
106	590	591	542	541
107	639	640	591	590
108	688	689	640	639
109	737	738	689	688
110	786	787	738	737
111	835	836	787	786
112	884	885	836	835
113	933	934	885	884
114	982	983	934	933
115	1031	1032	983	982
116	1080	1081	1032	1031
117	1129	1130	1081	1080
118	1178	1179	1130	1129
119	1227	1228	1179	1178
120	1276	1277	1228	1227
121	1325	1326	1277	1276
122	1374	1375	1326	1325
123	1423	1424	1375	1374
124	1472	1473	1424	1423
125	1521	1522	1473	1472
126	1570	1571	1522	1521
127	1619	1620	1571	1570
128	1671	1670	1620	1619
129	52	53	1778	1777
130	101	102	53	52
131	150	151	102	101
132	199	200	151	150
133	248	249	200	199
134	297	298	249	248
135	346	347	298	297
136	395	396	347	346
137	444	445	396	395
138	493	494	445	444
139	542	543	494	493
140	591	592	543	542
141	640	641	592	591
142	689	690	641	640
143	738	739	690	689
144	787	788	739	738
145	836	837	788	787
146	885	886	837	836
147	934	935	886	885
148	983	984	935	934
149	1032	1033	984	983
150	1081	1082	1033	1032
151	1130	1131	1082	1081
152	1179	1180	1131	1130
153	1228	1229	1180	1179
154	1277	1278	1229	1228
155	1326	1327	1278	1277
156	1375	1376	1327	1326
157	1424	1425	1376	1375
158	1473	1474	1425	1424
159	1522	1523	1474	1473
160	1571	1572	1523	1522
161	1620	1621	1572	1571
162	1670	1669	1621	1620
163	53	54	1779	1778
164	102	103	54	53
165	151	152	103	102
166	200	201	152	151
167	249	250	201	200
168	298	299	250	249
169	347	348	299	298
170	396	397	348	347
171	445	446	397	396
172	494	495	446	445
173	543	544	495	494
174	592	593	544	543
175	641	642	593	592
176	690	691	642	641
177	739	740	691	690
178	788	789	740	739
179	837	838	789	788
180	886	887	838	837
181	935	936	887	886
182	984	985	936	935
183	1033	1034	985	984
184	1082	1083	1034	1033
185	1131	1132	1083	1082
186	1180	1181	1132	1131
187	1229	1230	1181	1180
188	1278	1279	1230	1229
189	1327	1328	1279	1278
190	1376	1377	1328	1327
191	1425	1426	1377	1376
192	1474	1475	1426	1425
193	1523	1524	1475	1474
194	1572	1573	1524	1523
195	1621	1622	1573	1572
196	1669	1668	1622	1621
197	54	55	1780	1779
198	103	104	55	54
199	152	153	104	103
200	201	202	153	152
201	250	251	202	201
202	299	300	251	250
203	348	349	300	299
204	397	398	349	348
205	446	447	398	397
206	495	496	447	446
207	544	545	496	495
208	593	594	545	544
209	642	643	594	593
210	691	692	643	642
211	740	741	692	691
212	789	790	741	740
213	838	839	790	789
214	887	888	839	838
215	936	937	888	887
216	985	986	937	936
217	1034	1035	986	985
218	1083	1084	1035	1034
219	1132	1133	1084	1083
220	1181	1182	1133	1132
221	1230	1231	1182	1181
222	1279	1280	1231	1230
223	1328	1329	1280	1279
224	1377	1378	1329	1328
225	1426	1427	1378	1377
226	1475	1476	1427	1426
227	1524	1525	1476	1475
228	1573	1574	1525	1524
229	1622	1623	1574	1573
230	1668	6	1623	1622
231	55	56	1781	1780
232	104	105	56	55
233	153	154	105	104
234	202	203	154	153
235	251	252	203	202
236	300	301	252	251
237	349	350	301	300
238	398	399	350	349
239	447	448	399	398
240	496	497	448	447
241	545	546	497	496
242	594	595	546	545
243	643	644	595	594
244	692	693	644	643
245	741	742	693	692
246	790	791	742	741
247	839	840	791	790
248	888	889	840	839
249	937	938	889	888
250	986	987	938	937
251	1035	1036	987	986
252	1084	1085	1036	1035
253	1133	1134	1085	1084
254	1182	1183	1134	1133
255	1231	1232	1183	1182
256	1280	1281	1232	1231
257	1329	1330	1281	1280
258	1378	1379	1330	1329
259	1427	1428	1379	1378
260	1476	1477	1428	1427
261	1525	1526	1477	1476
262	1574	1575	1526	1525
263	1623	1624	1575	1574
264	6	1715	1624	1623
265	56	57	1782	1781
266	105	106	57	56
267	154	155	106	105
268	203	204	155	154
269	252	253	204	203
270	301	302	253	252
271	350	351	302	301
272	399	400	351	350
273	448	449	400	399
274	497	498	449	448
275	546	547	498	497
276	595	596	547	546
277	644	645	596	595
278	693	694	645	644
279	742	743	694	693
280	791	792	743	742
281	840	841	792	791
282	889	890	841	840
283	938	939	890	889
284	987	988	939	938
285	1036	1037	988	987
286	1085	1086	1037	1036
287	1134	1135	1086	1085
288	1183	1184	1135	1134
289	1232	1233	1184	1183
290	1281	1282	1233	1232
291	1330	1331	1282	1281
292	1379	1380	1331	1330
293	1428	1429	1380	1379
294	1477	1478	1429	1428
295	1526	1527	1478	1477
296	1575	1576	1527	1526
297	1624	1625	1576	1575
298	1715	1714	1625	1624
299	57	58	1783	1782
300	106	107	58	57
301	155	156	107	106
302	204	205	156	155
303	253	254	205	204
304	302	303	254	253
305	351	352	303	302
306	400	401	352	351
307	449	450	401	400
308	498	499	450	449
309	547	548	499	498
310	596	597	548	547
311	645	646	597	596
312	694	695	646	645
313	743	744	695	694
314	792	793	744	743
315	841	842	793	792
316	890	891	842	841
317	939	940	891	890
318	988	989	940	939
319	1037	1038	989	988
320	1086	1087	1038	1037
321	1135	1136	1087	1086
322	1184	1185	1136	1135
323	1233	1234	1185	1184
324	1282	1283	1234	1233
325	1331	1332	1283	1282
326	1380	1381	1332	1331
327	1429	1430	1381	1380
328	1478	1479	1430	1429
329	1527	1528	1479	1478
330	1576	1577	1528	1527
331	1625	1626	1577	1576
332	1714	1713	1626	1625
333	58	59	1784	1783
334	107	108	59	58
335	156	157	108	107
336	205	206	157	156
337	254	255	206	205
338	303	304	255	254
339	352	353	304	303
340	401	402	353	352
341	450	451	402	401
342	499	500	451	450
343	548	549	500	499
344	597	598	549	548
345	646	647	598	597
346	695	696	647	646
347	744	745	696	695
348	793	794	745	744
349	842	843	794	793
350	891	892	843	842
351	940	941	892	891
352	989	990	941	940
353	1038	1039	990	989
354	1087	1088	1039	1038
355	1136	1137	1088	1087
356	1185	1186	1137	1136
357	1234	1235	1186	1185
358	1283	1284	1235	1234
359	1332	1333	1284	1283
360	1381	1382	1333	1332
361	1430	1431	1382	1381
362	1479	1480	1431	1430
363	1528	1529	1480	1479
364	1577	1578	1529	1528
365	1626	1627	1578	1577
366	1713	1712	1627	1626
367	59	60	1785	1784
368	108	109	60	59
369	157	158	109	108
370	206	207	158	157
371	255	256	207	206
372	304	305	256	255
373	353	354	305	304
374	402	403	354	353
375	451	452	403	402
376	500	501	452	451
377	549	550	501	500
378	598	599	550	549
379	647	648	599	598
380	696	697	648	647
381	745	746	697	696
382	794	795	746	745
383	843	844	795	794
384	892	893	844	843
385	941	942	893	892
386	990	991	942	941
387	1039	1040	991	990
388	1088	1089	1040	1039
389	1137	1138	1089	1088
390	1186	1187	1138	1137
391	1235	1236	1187	1186
392	1284	1285	1236	1235
393	1333	1334	1285	1284
394	1382	1383	1334	1333
395	1431	1432	1383	1382
396	1480	1481	1432	1431
397	1529	1530	1481	1480
398	1578	1579	1530	1529
399	1627	1628	1579	1578
400	1712	1711	1628	1627
401	60	61	1786	1785
402	109	110	61	60
403	158	159	110	109
404	207	208	159	158
405	256	257	208	207
406	305	306	257	256
407	354	355	306	305
408	403	404	355	354
409	452	453	404	403
410	501	502	453	452
411	550	551	502	501
412	599	600	551	550
413	648	649	600	599
414	697	698	649	648
415	746	747	698	697
416	795	796	747	746
417	844	845	796	795
418	893	894	845	844
419	942	943	894	893
420	991	992	943	942
421	1040	1041	992	991
422	1089	1090	1041	1040
423	1138	1139	1090	1089
424	1187	1188	1139	1138
425	1236	1237	1188	1187
426	1285	1286	1237	1236
427	1334	1335	1286	1285
428	1383	1384	1335	1334
429	1432	1433	1384	1383
430	1481	1482	1433	1432
431	1530	1531	1482	1481
432	1579	1580	1531	1530
433	1628	1629	1580	1579
434	1711	1710	1629	1628
435	61	62	1787	1786
436	110	111	62	61
437	159	160	111	110
438	208	209	160	159
439	257	258	209	208
440	306	307	258	257
441	355	356	307	306
442	404	405	356	355
443	453	454	405	404
444	502	503	454	453
445	551	552	503	502
446	600	601	552	551
447	649	650	601	600
448	698	699	650	649
449	747	748	699	698
450	796	797	748	747
451	845	846	797	796
452	894	895	846	845
453	943	944	895	894
454	992	993	944	943
455	1041	1042	993	992
456	1090	1091	1042	1041
457	1139	1140	1091	1090
458	1188	1189	1140	1139
459	1237	1238	1189	1188
460	1286	1287	1238	1237
461	1335	1336	1287	1286
462	1384	1385	1336	1335
463	1433	1434	1385	1384
464	1482	1483	1434	1433
465	1531	1532	1483	1482
466	1580	1581	1532	1531
467	1629	1630	1581	1580
468	1710	1709	1630	1629
469	62	63	1788	1787
470	111	112	63	62
471	160	161	112	111
472	209	210	161	160
473	258	259	210	209
474	307	308	259	258
475	356	357	308	307
476	405	406	357	356
477	454	455	406	405
478	503	504	455	454
479	552	553	504	503
480	601	602	553	552
481	650	651	602	601
482	699	700	651	650
483	748	749	700	699
484	797	798	749	748
485	846	847	798	797
486	895	896	847	846
487	944	945	896	895
488	993	994	945	944
489	1042	1043	994	993
490	1091	1092	1043	1042
491	1140	1141	1092	1091
492	1189	1190	1141	1140
493	1238	1239	1190	1189
494	1287	1288	1239	1238
495	1336	1337	1288	1287
496	1385	1386	1337	1336
497	1434	1435	1386	1385
498	1483	1484	1435	1434
499	1532	1533	1484	1483
500	1581	1582	1533	1532
501	1630	1631	1582	1581
502	1709	1708	1631	1630
503	63	64	1789	1788
504	112	113	64	63
505	161	162	113	112
506	210	211	162	161
507	259	260	211	210
508	308	309	260	259
509	357	358	309	308
510	406	407	358	357
511	455	456	407	406
512	504	505	456	455
513	553	554	505	504
514	602	603	554	553
515	651	652	603	602
516	700	701	652	651
517	749	750	701	700
518	798	799	750	749
519	847	848	799	798
520	896	897	848	847
521	945	946	897	896
522	994	995	946	945
523	1043	1044	995	994
524	1092	1093	1044	1043
525	1141	1142	1093	1092
526	1190	1191	1142	1141
527	1239	1240	1191	1190
528	1288	1289	1240	1239
529	1337	1338	1289	1288
530	1386	1387	1338	1337
531	1435	1436	1387	1386
532	1484	1485	1436	1435
533	1533	1534	1485	1484
534	1582	1583	1534	1533
535	1631	1632	1583	1582
536	1708	1707	1632	1631
537	64	65	1790	1789
538	113	114	65	64
539	162	163	114	113
540	211	212	163	162
541	260	261	212	211
542	309	310	261	260
543	358	359	310	309
544	407	408	359	358
545	456	457	408	407
546	505	506	457	456
547	554	555	506	505
548	603	604	555	554
549	652	653	604	603
550	701	702	653	652
551	750	751	702	701
552	799	800	751	750
553	848	849	800	799
554	897	898	849	848
555	946	947	898	897
556	995	996	947	946
557	1044	1045	996	995
558	1093	1094	1045	1044
559	1142	1143	1094	1093
560	1191	1192	1143	1142
561	1240	1241	1192	1191
562	1289	1290	1241	1240
563	1338	1339	1290	1289
564	1387	1388	1339	1338
565	1436	1437	1388	1387
566	1485	1486	1437	1436
567	1534	1535	1486	1485
568	1583	1584	1535	1534
569	1632	1633	1584	1583
570	1707	1706	1633	1632
571	65	66	1791	1790
572	114	115	66	65
573	163	164	115	114
574	212	213	164	163
575	261	262	213	212
576	310	311	262	261
577	359	360	311	310
578	408	409	360	359
579	457	458	409	408
580	506	507	458	457
581	555	556	507	506
582	604	605	556	555
583	653	654	605	604
584	702	703	654	653
585	751	752	703	702
586	800	801	752	751
587	849	850	801	800
588	898	899	850	849
589	947	948	899	898
590	996	997	948	947
591	1045	1046	997	996
592	1094	1095	1046	1045
593	1143	1144	1095	1094
594	1192	1193	1144	1143
595	1241	1242	1193	1192
596	1290	1291	1242	1241
597	1339	1340	1291	1290
598	1388	1389	1340	1339
599	1437	1438	1389	1388
600	1486	1487	1438	1437
601	1535	1536	1487	1486
602	1584	1585	1536	1535
603	1633	1634	1585	1584
604	1706	1705	1634	1633
605	66	67	1792	1791
606	115	116	67	66
607	164	165	116	115
608	213	214	165	164
609	262	263	214	213
610	311	312	263	262
611	360	361	312	311
612	409	410	361	360
613	458	459	410	409
614	507	508	459	458
615	556	557	508	507
616	605	606	557	556
617	654	655	606	605
618	703	704	655	654
619	752	753	704	703
620	801	802	753	752
621	850	851	802	801
622	899	900	851	850
623	948	949	900	899
624	997	998	949	948
625	1046	1047	998	997
626	1095	1096	1047	1046
627	1144	1145	1096	1095
628	1193	1194	1145	1144
629	1242	1243	1194	1193
630	1291	1292	1243	1242
631	1340	1341	1292	1291
632	1389	1390	1341	1340
633	1438	1439	1390	1389
634	1487	1488	1439	1438
635	1536	1537	1488	1487
636	1585	1586	1537	1536
637	1634	1635	1586	1585
638	1705	1704	1635	1634
639	67	68	1793	1792
640	116	117	68	67
641	165	166	117	116
642	214	215	166	165
643	263	264	215	214
644	312	313	264	263
645	361	362	313	312
646	410	411	362	361
647	459	460	411	410
648	508	509	460	459
649	557	558	509	508
650	606	607	558	557
651	655	656	607	606
652	704	705	656	655
653	753	754	705	704
654	802	803	754	753
655	851	852	803	802
656	900	901	852	851
657	949	950	901	900
658	998	999	950	949
659	1047	1048	999	998
660	1096	1097	1048	1047
661	1145	1146	1097	1096
662	1194	1195	1146	1145
663	1243	1244	1195	1194
664	1292	1293	1244	1243
665	1341	1342	1293	1292
666	1390	1391	1342	1341
667	1439	1440	1391	1390
668	1488	1489	1440	1439
669	1537	1538	1489	1488
670	1586	1587	1538	1537
671	1635	1636	1587	1586
672	1704	1703	1636	1635
673	68	69	1794	1793
674	117	118	69	68
675	166	167	118	117
676	215	216	167	166
677	264	265	216	215
678	313	314	265	264
679	362	363	314	313
680	411	412	363	362
681	460	461	412	411
682	509	510	461	460
683	558	559	510	509
684	607	608	559	558
685	656	657	608	607
686	705	706	657	656
687	754	755	706	705
688	803	804	755	754
689	852	853	804	803
690	901	902	853	852
691	950	951	902	901
692	999	1000	951	950
693	1048	1049	1000	999
694	1097	1098	1049	1048
695	1146	1147	1098	1097
696	1195	1196	1147	1146
697	1244	1245	1196	1195
698	1293	1294	1245	1244
699	1342	1343	1294	1293
700	1391	1392	1343	1342
701	1440	1441	1392	1391
702	1489	1490	1441	1440
703	1538	1539	1490	1489
704	1587	1588	1539	1538
705	1636	1637	1588	1587
706	1703	1702	1637	1636
707	69	70	1795	1794
708	118	119	70	69
709	167	168	119	118
710	216	217	168	167
711	265	266	217	216
712	314	315	266	265
713	363	364	315	314
714	412	413	364	363
715	461	462	413	412
716	510	511	462	461
717	559	560	511	510
718	608	609	560	559
719	657	658	609	608
720	706	707	658	657
721	755	756	707	706
722	804	805	756	755
723	853	854	805	804
724	902	903	854	853
725	951	952	903	902
726	1000	1001	952	951
727	1049	1050	1001	1000
728	1098	1099	1050	1049
729	1147	1148	1099	1098
730	1196	1197	1148	1147
731	1245	1246	1197	1196
732	1294	1295	1246	1245
733	1343	1344	1295	1294
734	1392	1393	1344	1343
735	1441	1442	1393	1392
736	1490	1491	1442	1441
737	1539	1540	1491	1490
738	1588	1589	1540	1539
739	1637	1638	1589	1588
740	1702	1701	1638	1637
741	70	71	1796	1795
742	119	120	71	70
743	168	169	120	119
744	217	218	169	168
745	266	267	218	217
746	315	316	267	266
747	364	365	316	315
748	413	414	365	364
749	462	463	414	413
750	511	512	463	462
751	560	561	512	511
752	609	610	561	560
753	658	659	610	609
754	707	708	659	658
755	756	757	708	707
756	805	806	757	756
757	854	855	806	805
758	903	904	855	854
759	952	953	904	903
760	1001	1002	953	952
761	1050	1051	1002	1001
762	1099	1100	1051	1050
763	1148	1149	1100	1099
764	1197	1198	1149	1148
765	1246	1247	1198	1197
766	1295	1296	1247	1246
767	1344	1345	1296	1295
768	1393	1394	1345	1344
769	1442	1443	1394	1393
770	1491	1492	1443	1442
771	1540	1541	1492	1491
772	1589	1590	1541	1540
773	1638	1639	1590	1589
774	1701	1700	1639	1638
775	71	72	1797	1796
776	120	121	72	71
777	169	170	121	120
778	218	219	170	169
779	267	268	219	218
780	316	317	268	267
781	365	366	317	316
782	414	415	366	365
783	463	464	415	414
784	512	513	464	463
785	561	562	513	512
786	610	611	562	561
787	659	660	611	610
788	708	709	660	659
789	757	758	709	708
790	806	807	758	757
791	855	856	807	806
792	904	905	856	855
793	953	954	905	904
794	1002	1003	954	953
795	1051	1052	1003	1002
796	1100	1101	1052	1051
797	1149	1150	1101	1100
798	1198	1199	1150	1149
799	1247	1248	1199	1198
800	1296	1297	1248	1247
801	1345	1346	1297	1296
802	1394	1395	1346	1345
803	1443	1444	1395	1394
804	1492	1493	1444	1443
805	1541	1542	1493	1492
806	1590	1591	1542	1541
807	1639	1640	1591	1590
808	1700	1699	1640	1639
809	72	73	1798	1797
810	121	122	73	72
811	170	171	122	121
812	219	220	171	170
813	268	269	220	219
814	317	318	269	268
815	366	367	318	317
816	415	416	367	366
817	464	465	416	415
818	513	514	465	464
819	562	563	514	513
820	611	612	563	562
821	660	661	612	611
822	709	710	661	660
823	758	759	710	709
824	807	808	759	758
825	856	857	808	807
826	905	906	857	856
827	954	955	906	905
828	1003	1004	955	954
829	1052	1053	1004	1003
830	1101	1102	1053	1052
831	1150	1151	1102	1101
832	1199	1200	1151	1150
833	1248	1249	1200	1199
834	1297	1298	1249	1248
835	1346	1347	1298	1297
836	1395	1396	1347	1346
837	1444	1445	1396	1395
838	1493	1494	1445	1444
839	1542	1543	1494	1493
840	1591	1592	1543	1542
841	1640	1641	1592	1591
842	1699	1698	1641	1640
843	73	74	1799	1798
844	122	123	74	73
845	171	172	123	122
846	220	221	172	171
847	269	270	221	220
848	318	319	270	269
849	367	368	319	318
850	416	417	368	367
851	465	466	417	416
852	514	515	466	465
853	563	564	515	514
854	612	613	564	563
855	661	662	613	612
856	710	711	662	661
857	759	760	711	710
858	808	809	760	759
859	857	858	809	808
860	906	907	858	857
861	955	956	907	906
862	1004	1005	956	955
863	1053	1054	1005	1004
864	1102	1103	1054	1053
865	1151	1152	1103	1102
866	1200	1201	1152	1151
867	1249	1250	1201	1200
868	1298	1299	1250	1249
869	1347	1348	1299	1298
870	1396	1397	1348	1347
871	1445	1446	1397	1396
872	1494	1495	1446	1445
873	1543	1544	1495	1494
874	1592	1593	1544	1543
875	1641	1642	1593	1592
876	1698	1697	1642	1641
877	74	75	1800	1799
878	123	124	75	74
879	172	173	124	123
880	221	222	173	172
881	270	271	222	221
882	319	320	271	270
883	368	369	320	319
884	417	418	369	368
885	466	467	418	417
886	515	516	467	466
887	564	565	516	515
888	613	614	565	564
889	662	663	614	613
890	711	712	663	662
891	760	761	712	711
892	809	810	761	760
893	858	859	810	809
894	907	908	859	858
895	956	957	908	907
896	1005	1006	957	956
897	1054	1055	1006	1005
898	1103	1104	1055	1054
899	1152	1153	1104	1103
900	1201	1202	1153	1152
901	1250	1251	1202	1201
902	1299	1300	1251	1250
903	1348	1349	1300	1299
904	1397	1398	1349	1348
905	1446	1447	1398	1397
906	1495	1496	1447	1446
907	1544	1545	1496	1495
908	1593	1594	1545	1544
909	1642	1643	1594	1593
910	1697	1696	1643	1642
911	75	76	1801	1800
912	124	125	76	75
913	173	174	125	124
914	222	223	174	173
915	271	272	223	222
916	320	321	272	271
917	369	370	321	320
918	418	419	370	369
919	467	468	419	418
920	516	517	468	467
921	565	566	517	516
922	614	615	566	565
923	663	664	615	614
924	712	713	664	663
925	761	762	713	712
926	810	811	762	761
927	859	860	811	810
928	908	909	860	859
929	957	958	909	908
930	1006	1007	958	957
931	1055	1056	1007	1006
932	1104	1105	1056	1055
933	1153	1154	1105	1104
934	1202	1203	1154	1153
935	1251	1252	1203	1202
936	1300	1301	1252	1251
937	1349	1350	1301	1300
938	1398	1399	1350	1349
939	1447	1448	1399	1398
940	1496	1497	1448	1447
941	1545	1546	1497	1496
942	1594	1595	1546	1545
943	1643	1644	1595	1594
944	1696	1695	1644	1643
945	76	77	1802	1801
946	125	126	77	76
947	174	175	126	125
948	223	224	175	174
949	272	273	224	223
950	321	322	273	272
951	370	371	322	321
952	419	420	371	370
953	468	469	420	419
954	517	518	469	468
955	566	567	518	517
956	615	616	567	566
957	664	665	616	615
958	713	714	665	664
959	762	763	714	713
960	811	812	763	762
961	860	861	812	811
962	909	910	861	860
963	958	959	910	909
964	1007	1008	959	958
965	1056	1057	1008	1007
966	1105	1106	1057	1056
967	1154	1155	1106	1105
968	1203	1204	1155	1154
969	1252	1253	1204	1203
970	1301	1302	1253	1252
971	1350	1351	1302	1301
972	1399	1400	1351	1350
973	1448	1449	1400	1399
974	1497	1498	1449	1448
975	1546	1547	1498	1497
976	1595	1596	1547	1546
977	1644	1645	1596	1595
978	1695	1694	1645	1644
979	77	78	1803	1802
980	126	127	78	77
981	175	176	127	126
982	224	225	176	175
983	273	274	225	224
984	322	323	274	273
985	371	372	323	322
986	420	421	372	371
987	469	470	421	420
988	518	519	470	469
989	567	568	519	518
990	616	617	568	567
991	665	666	617	616
992	714	715	666	665
993	763	764	715	714
994	812	813	764	763
995	861	862	813	812
996	910	911	862	861
997	959	960	911	910
998	1008	1009	960	959
999	1057	1058	1009	1008
1000	1106	1107	1058	1057
1001	1155	1156	1107	1106
1002	1204	1205	1156	1155
1003	1253	1254	1205	1204
1004	1302	1303	1254	1253
1005	1351	1352	1303	1302
1006	1400	1401	1352	1351
1007	1449	1450	1401	1400
1008	1498	1499	1450	1449
1009	1547	1548	1499	1498
1010	1596	1597	1548	1547
1011	1645	1646	1597	1596
1012	1694	1693	1646	1645
1013	78	79	1804	1803
1014	127	128	79	78
1015	176	177	128	127
1016	225	226	177	176
1017	274	275	226	225
1018	323	324	275	274
1019	372	373	324	323
1020	421	422	373	372
1021	470	471	422	421
1022	519	520	471	470
1023	568	569	520	519
1024	617	618	569	568
1025	666	667	618	617
1026	715	716	667	666
1027	764	765	716	715
1028	813	814	765	764
1029	862	863	814	813
1030	911	912	863	862
1031	960	961	912	911
1032	1009	1010	961	960
1033	1058	1059	1010	1009
1034	1107	1108	1059	1058
1035	1156	1157	1108	1107
1036	1205	1206	1157	1156
1037	1254	1255	1206	1205
1038	1303	1304	1255	1254
1039	1352	1353	1304	1303
1040	1401	1402	1353	1352
1041	1450	1451	1402	1401
1042	1499	1500	1451	1450
1043	1548	1549	1500	1499
1044	1597	1598	1549	1548
1045	1646	1647	1598	1597
1046	1693	1692	1647	1646
1047	79	80	1805	1804
1048	128	129	80	79
1049	177	178	129	128
1050	226	227	178	177
1051	275	276	227	226
1052	324	325	276	275
1053	373	374	325	324
1054	422	423	374	373
1055	471	472	423	422
1056	520	521	472	471
1057	569	570	521	520
1058	618	619	570	569
1059	667	668	619	618
1060	716	717	668	667
1061	765	766	717	716
1062	814	815	766	765
1063	863	864	815	814
1064	912	913	864	863
1065	961	962	913	912
1066	1010	1011	962	961
1067	1059	1060	1011	1010
1068	1108	1109	1060	1059
1069	1157	1158	1109	1108
1070	1206	1207	1158	1157
1071	1255	1256	1207	1206
1072	1304	1305	1256	1255
1073	1353	1354	1305	1304
1074	1402	1403	1354	1353
1075	1451	1452	1403	1402
1076	1500	1501	1452	1451
1077	1549	1550	1501	1500
1078	1598	1599	1550	1549
1079	1647	1648	1599	1598
1080	1692	1691	1648	1647
1081	80	81	1806	1805
1082	129	130	81	80
1083	178	179	130	129
1084	227	228	179	178
1085	276	277	228	227
1086	325	326	277	276
1087	374	375	326	325
1088	423	424	375	374
1089	472	473	424	423
1090	521	522	473	472
1091	570	571	522	521
1092	619	620	571	570
1093	668	669	620	619
1094	717	718	669	668
1095	766	767	718	717
1096	815	816	767	766
1097	864	865	816	815
1098	913	914	865	864
1099	962	963	914	913
1100	1011	1012	963	962
1101	1060	1061	1012	1011
1102	1109	1110	1061	1060
1103	1158	1159	1110	1109
1104	1207	1208	1159	1158
1105	1256	1257	1208	1207
1106	1305	1306	1257	1256
1107	1354	1355	1306	1305
1108	1403	1404	1355	1354
1109	1452	1453	1404	1403
1110	1501	1502	1453	1452
1111	1550	1551	1502	1501
1112	1599	1600	1551	1550
1113	1648	1649	1600	1599
1114	1691	1690	1649	1648
1115	81	82	1807	1806
1116	130	131	82	81
1117	179	180	131	130
1118	228	229	180	179
1119	277	278	229	228
1120	326	327	278	277
1121	375	376	327	326
1122	424	425	376	375
1123	473	474	425	424
1124	522	523	474	473
1125	571	572	523	522
1126	620	621	572	571
1127	669	670	621	620
1128	718	719	670	669
1129	767	768	719	718
1130	816	817	768	767
1131	865	866	817	816
1132	914	915	866	865
1133	963	964	915	914
1134	1012	1013	964	963
1135	1061	1062	1013	1012
1136	1110	1111	1062	1061
1137	1159	1160	1111	1110
1138	1208	1209	1160	1159
1139	1257	1258	1209	1208
1140	1306	1307	1258	1257
1141	1355	1356	1307	1306
1142	1404	1405	1356	1355
1143	1453	1454	1405	1404
1144	1502	1503	1454	1453
1145	1551	1552	1503	1502
1146	1600	1601	1552	1551
1147	1649	1650	1601	1600
1148	1690	1689	1650	1649
1149	82	83	1808	1807
1150	131	132	83	82
1151	180	181	132	131
1152	229	230	181	180
1153	278	279	230	229
1154	327	328	279	278
1155	376	377	328	327
1156	425	426	377	376
1157	474	475	426	425
1158	523	524	475	474
1159	572	573	524	523
1160	621	622	573	572
1161	670	671	622	621
1162	719	720	671	670
1163	768	769	720	719
1164	817	818	769	768
1165	866	867	818	817
1166	915	916	867	866
1167	964	965	916	915
1168	1013	1014	965	964
1169	1062	1063	1014	1013
1170	1111	1112	1063	1062
1171	1160	1161	1112	1111
1172	1209	1210	1161	1160
1173	1258	1259	1210	1209
1174	1307	1308	1259	1258
1175	1356	1357	1308	1307
1176	1405	1406	1357	1356
1177	1454	1455	1406	1405
1178	1503	1504	1455	1454
1179	1552	1553	1504	1503
1180	1601	1602	1553	1552
1181	1650	1651	1602	1601
1182	1689	1688	1651	1650
1183	83	84	1809	1808
1184	132	133	84	83
1185	181	182	133	132
1186	230	231	182	181
1187	279	280	231	230
1188	328	329	280	279
1189	377	378	329	328
1190	426	427	378	377
1191	475	476	427	426
1192	524	525	476	475
1193	573	574	525	524
1194	622	623	574	573
1195	671	672	623	622
1196	720	721	672	671
1197	769	770	721	720
1198	818	819	770	769
1199	867	868	819	818
1200	916	917	868	867
1201	965	966	917	916
1202	1014	1015	966	965
1203	1063	1064	1015	1014
1204	1112	1113	1064	1063
1205	1161	1162	1113	1112
1206	1210	1211	1162	1161
1207	1259	1260	1211	1210
1208	1308	1309	1260	1259
1209	1357	1358	1309	1308
1210	1406	1407	1358	1357
1211	1455	1456	1407	1406
1212	1504	1505	1456	1455
1213	1553	1554	1505	1504
1214	1602	1603	1554	1553
1215	1651	1652	1603	1602
1216	1688	1687	1652	1651
1217	84	85	1810	1809
1218	133	134	85	84
1219	182	183	134	133
1220	231	232	183	182
1221	280	281	232	231
1222	329	330	281	280
1223	378	379	330	329
1224	427	428	379	378
1225	476	477	428	427
1226	525	526	477	476
1227	574	575	526	525
1228	623	624	575	574
1229	672	673	624	623
1230	721	722	673	672
1231	770	771	722	721
1232	819	820	771	770
1233	868	869	820	819
1234	917	918	869	868
1235	966	967	918	917
1236	1015	1016	967	966
1237	1064	1065	1016	1015
1238	1113	1114	1065	1064
1239	1162	1163	1114	1113
1240	1211	1212	1163	1162
1241	1260	1261	1212	1211
1242	1309	1310	1261	1260
1243	1358	1359	1310	1309
1244	1407	1408	1359	1358
1245	1456	1457	1408	1407
1246	1505	1506	1457	1456
1247	1554	1555	1506	1505
1248	1603	1604	1555	1554
1249	1652	1653	1604	1603
1250	1687	1686	1653	1652
1251	85	86	1811	1810
1252	134	135	86	85
1253	183	184	135	134
1254	232	233	184	183
1255	281	282	233	232
1256	330	331	282	281
1257	379	380	331	330
1258	428	429	380	379
1259	477	478	429	428
1260	526	527	478	477
1261	575	576	527	526
1262	624	625	576	575
1263	673	674	625	624
1264	722	723	674	673
1265	771	772	723	722
1266	820	821	772	771
1267	869	870	821	820
1268	918	919	870	869
1269	967	968	919	918
1270	1016	1017	968	967
1271	1065	1066	1017	1016
1272	1114	1115	1066	1065
1273	1163	1164	1115	1114
1274	1212	1213	1164	1163
1275	1261	1262	1213	1212
1276	1310	1311	1262	1261
1277	1359	1360	1311	1310
1278	1408	1409	1360	1359
1279	1457	1458	1409	1408
1280	1506	1507	1458	1457
1281	1555	1556	1507	1506
1282	1604	1605	1556	1555
1283	1653	1654	1605	1604
1284	1686	1685	1654	1653
1285	86	87	1812	1811
1286	135	136	87	86
1287	184	185	136	135
1288	233	234	185	184
1289	282	283	234	233
1290	331	332	283	282
1291	380	381	332	331
1292	429	430	381	380
1293	478	479	430	429
1294	527	528	479	478
1295	576	577	528	527
1296	625	626	577	576
1297	674	675	626	625
1298	723	724	675	674
1299	772	773	724	723
1300	821	822	773	772
1301	870	871	822	821
1302	919	920	871	870
1303	968	969	920	919
1304	1017	1018	969	968
1305	1066	1067	1018	1017
1306	1115	1116	1067	1066
1307	1164	1165	1116	1115
1308	1213	1214	1165	1164
1309	1262	1263	1214	1213
1310	1311	1312	1263	1262
1311	1360	1361	1312	1311
1312	1409	1410	1361	1360
1313	1458	1459	1410	1409
1314	1507	1508	1459	1458
1315	1556	1557	1508	1507
1316	1605	1606	1557	1556
1317	1654	1655	1606	1605
1318	1685	1684	1655	1654
1319	87	88	1813	1812
1320	136	137	88	87
1321	185	186	137	136
1322	234	235	186	185
1323	283	284	235	234
1324	332	333	284	283
1325	381	382	333	332
1326	430	431	382	381
1327	479	480	431	430
1328	528	529	480	479
1329	577	578	529	528
1330	626	627	578	577
1331	675	676	627	626
1332	724	725	676	675
1333	773	774	725	724
1334	822	823	774	773
1335	871	872	823	822
1336	920	921	872	871
1337	969	970	921	920
1338	1018	1019	970	969
1339	1067	1068	1019	1018
1340	1116	1117	1068	1067
1341	1165	1166	1117	1116
1342	1214	1215	1166	1165
1343	1263	1264	1215	1214
1344	1312	1313	1264	1263
1345	1361	1362	1313	1312
1346	1410	1411	1362	1361
1347	1459	1460	1411	1410
1348	1508	1509	1460	1459
1349	1557	1558	1509	1508
1350	1606	1607	1558	1557
1351	1655	1656	1607	1606
1352	1684	1683	1656	1655
1353	88	89	1814	1813
1354	137	138	89	88
1355	186	187	138	137
1356	235	236	187	186
1357	284	285	236	235
1358	333	334	285	284
1359	382	383	334	333
1360	431	432	383	382
1361	480	481	432	431
1362	529	530	481	480
1363	578	579	530	529
1364	627	628	579	578
1365	676	677	628	627
1366	725	726	677	676
1367	774	775	726	725
1368	823	824	775	774
1369	872	873	824	823
1370	921	922	873	872
1371	970	971	922	921
1372	1019	1020	971	970
1373	1068	1069	1020	1019
1374	1117	1118	1069	1068
1375	1166	1167	1118	1117
1376	1215	1216	1167	1166
1377	1264	1265	1216	1215
1378	1313	1314	1265	1264
1379	1362	1363	1314	1313
1380	1411	1412	1363	1362
1381	1460	1461	1412	1411
1382	1509	1510	1461	1460
1383	1558	1559	1510	1509
1384	1607	1608	1559	1558
1385	1656	1657	1608	1607
1386	1683	1682	1657	1656
1387	89	90	1815	1814
1388	138	139	90	89
1389	187	188	139	138
1390	236	237	188	187
1391	285	286	237	236
1392	334	335	286	285
1393	383	384	335	334
1394	432	433	384	383
1395	481	482	433	432
1396	530	531	482	481
1397	579	580	531	530
1398	628	629	580	579
1399	677	678	629	628
1400	726	727	678	677
1401	775	776	727	726
1402	824	825	776	775
1403	873	874	825	824
1404	922	923	874	873
1405	971	972	923	922
1406	1020	1021	972	971
1407	1069	1070	1021	1020
1408	1118	1119	1070	1069
1409	1167	1168	1119	1118
1410	1216	1217	1168	1167
1411	1265	1266	1217	1216
1412	1314	1315	1266	1265
1413	1363	1364	1315	1314
1414	1412	1413	1364	1363
1415	1461	1462	1413	1412
1416	1510	1511	1462	1461
1417	1559	1560	1511	1510
1418	1608	1609	1560	1559
1419	1657	1658	1609	1608
1420	1682	1681	1658	1657
1421	90	91	1816	1815
1422	139	140	91	90
1423	188	189	140	139
1424	237	238	189	188
1425	286	287	238	237
1426	335	336	287	286
1427	384	385	336	335
1428	433	434	385	384
1429	482	483	434	433
1430	531	532	483	482
1431	580	581	532	531
1432	629	630	581	580
1433	678	679	630	629
1434	727	728	679	678
1435	776	777	728	727
1436	825	826	777	776
1437	874	875	826	825
1438	923	924	875	874
1439	972	973	924	923
1440	1021	1022	973	972
1441	1070	1071	1022	1021
1442	1119	1120	1071	1070
1443	1168	1169	1120	1119
1444	1217	1218	1169	1168
1445	1266	1267	1218	1217
1446	1315	1316	1267	1266
1447	1364	1365	1316	1315
1448	1413	1414	1365	1364
1449	1462	1463	1414	1413
1450	1511	1512	1463	1462
1451	1560	1561	1512	1511
1452	1609	1610	1561	1560
1453	1658	1659	1610	1609
1454	1681	1680	1659	1658
1455	91	92	1817	1816
1456	140	141	92	91
1457	189	190	141	140
1458	238	239	190	189
1459	287	288	239	238
1460	336	337	288	287
1461	385	386	337	336
1462	434	435	386	385
1463	483	484	435	434
1464	532	533	484	483
1465	581	582	533	532
1466	630	631	582	581
1467	679	680	631	630
1468	728	729	680	679
1469	777	778	729	728
1470	826	827	778	777
1471	875	876	827	826
1472	924	925	876	875
1473	973	974	925	924
1474	1022	1023	974	973
1475	1071	1072	1023	1022
1476	1120	1121	1072	1071
1477	1169	1170	1121	1120
1478	1218	1219	1170	1169
1479	1267	1268	1219	1218
1480	1316	1317	1268	1267
1481	1365	1366	1317	1316
1482	1414	1415	1366	1365
1483	1463	1464	1415	1414
1484	1512	1513	1464	1463
1485	1561	1562	1513	1512
1486	1610	1611	1562	1561
1487	1659	1660	1611	1610
1488	1680	1679	1660	1659
1489	92	93	1818	1817
1490	141	142	93	92
1491	190	191	142	141
1492	239	240	191	190
1493	288	289	240	239
1494	337	338	289	288
1495	386	387	338	337
1496	435	436	387	386
1497	484	485	436	435
1498	533	534	485	484
1499	582	583	534	533
1500	631	632	583	582
1501	680	681	632	631
1502	729	730	681	680
1503	778	779	730	729
1504	827	828	779	778
1505	876	877	828	827
1506	925	926	877	876
1507	974	975	926	925
1508	1023	1024	975	974
1509	1072	1073	1024	1023
1510	1121	1122	1073	1072
1511	1170	1171	1122	1121
1512	1219	1220	1171	1170
1513	1268	1269	1220	1219
1514	1317	1318	1269	1268
1515	1366	1367	1318	1317
1516	1415	1416	1367	1366
1517	1464	1465	1416	1415
1518	1513	1514	1465	1464
1519	1562	1563	1514	1513
1520	1611	1612	1563	1562
1521	1660	1661	1612	1611
1522	1679	1678	1661	1660
1523	93	94	1819	1818
1524	142	143	94	93
1525	191	192	143	142
1526	240	241	192	191
1527	289	290	241	240
1528	338	339	290	289
1529	387	388	339	338
1530	436	437	388	387
1531	485	486	437	436
1532	534	535	486	485
1533	583	584	535	534
1534	632	633	584	583
1535	681	682	633	632
1536	730	731	682	681
1537	779	780	731	730
1538	828	829	780	779
1539	877	878	829	828
1540	926	927	878	877
1541	975	976	927	926
1542	1024	1025	976	975
1543	1073	1074	1025	1024
1544	1122	1123	1074	1073
1545	1171	1172	1123	1122
1546	1220	1221	1172	1171
1547	1269	1270	1221	1220
1548	1318	1319	1270	1269
1549	1367	1368	1319	1318
1550	1416	1417	1368	1367
1551	1465	1466	1417	1416
1552	1514	1515	1466	1465
1553	1563	1564	1515	1514
1554	1612	1613	1564	1563
1555	1661	1662	1613	1612
1556	1678	1677	1662	1661
1557	94	95	1820	1819
1558	143	144	95	94
1559	192	193	144	143
1560	241	242	193	192
1561	290	291	242	241
1562	339	340	291	290
1563	388	389	340	339
1564	437	438	389	388
1565	486	487	438	437
1566	535	536	487	486
1567	584	585	536	535
1568	633	634	585	584
1569	682	683	634	633
1570	731	732	683	682
1571	780	781	732	731
1572	829	830	781	780
1573	878	879	830	829
1574	927	928	879	878
1575	976	977	928	927
1576	1025	1026	977	976
1577	1074	1075	1026	1025
1578	1123	1124	1075	1074
1579	1172	1173	1124	1123
1580	1221	1222	1173	1172
1581	1270	1271	1222	1221
1582	1319	1320	1271	1270
1583	1368	1369	1320	1319
1584	1417	1418	1369	1368
1585	1466	1467	1418	1417
1586	1515	1516	1467	1466
1587	1564	1565	1516	1515
1588	1613	1614	1565	1564
1589	1662	1663	1614	1613
1590	1677	1676	1663	1662
1591	95	96	1821	1820
1592	144	145	96	95
1593	193	194	145	144
1594	242	243	194	193
1595	291	292	243	242
1596	340	341	292	291
1597	389	390	341	340
1598	438	439	390	389
1599	487	488	439	438
1600	536	537	488	487
1601	585	586	537	536
1602	634	635	586	585
1603	683	684	635	634
1604	732	733	684	683
1605	781	782	733	732
1606	830	831	782	781
1607	879	880	831	830
1608	928	929	880	879
1609	977	978	929	928
1610	1026	1027	978	977
1611	1075	1076	1027	1026
1612	1124	1125	1076	1075
1613	1173	1174	1125	1124
1614	1222	1223	1174	1173
1615	1271	1272	1223	1222
1616	1320	1321	1272	1271
1617	1369	1370	1321	1320
1618	1418	1419	1370	1369
1619	1467	1468	1419	1418
1620	1516	1517	1468	1467
1621	1565	1566	1517	1516
1622	1614	1615	1566	1565
1623	1663	1664	1615	1614
1624	1676	1675	1664	1663
1625	96	97	1822	1821
1626	145	146	97	96
1627	194	195	146	145
1628	243	244	195	194
1629	292	293	244	243
1630	341	342	293	292
1631	390	391	342	341
1632	439	440	391	390
1633	488	489	440	439
1634	537	538	489	488
1635	586	587	538	537
1636	635	636	587	586
1637	684	685	636	635
1638	733	734	685	684
1639	782	783	734	733
1640	831	832	783	782
1641	880	881	832	831
1642	929	930	881	880
1643	978	979	930	929
1644	1027	1028	979	978
1645	1076	1077	1028	1027
1646	1125	1126	1077	1076
1647	1174	1175	1126	1125
1648	1223	1224	1175	1174
1649	1272	1273	1224	1223
1650	1321	1322	1273	1272
1651	1370	1371	1322	1321
1652	1419	1420	1371	1370
1653	1468	1469	1420	1419
1654	1517	1518	1469	1468
1655	1566	1567	1518	1517
1656	1615	1616	1567	1566
1657	1664	1665	1616	1615
1658	1675	1674	1665	1664
1659	97	98	1823	1822
1660	146	147	98	97
1661	195	196	147	146
1662	244	245	196	195
1663	293	294	245	244
1664	342	343	294	293
1665	391	392	343	342
1666	440	441	392	391
1667	489	490	441	440
1668	538	539	490	489
1669	587	588	539	538
1670	636	637	588	587
1671	685	686	637	636
1672	734	735	686	685
1673	783	784	735	734
1674	832	833	784	783
1675	881	882	833	832
1676	930	931	882	881
1677	979	980	931	930
1678	1028	1029	980	979
1679	1077	1078	1029	1028
1680	1126	1127	1078	1077
1681	1175	1176	1127	1126
1682	1224	1225	1176	1175
1683	1273	1274	1225	1224
1684	1322	1323	1274	1273
1685	1371	1372	1323	1322
1686	1420	1421	1372	1371
1687	1469	1470	1421	1420
1688	1518	1519	1470	1469
1689	1567	1568	1519	1518
1690	1616	1617	1568	1567
1691	1665	1666	1617	1616
1692	1674	1673	1666	1665
1693	98	99	1824	1823
1694	147	148	99	98
1695	196	197	148	147
1696	245	246	197	196
1697	294	295	246	245
1698	343	344	295	294
1699	392	393	344	343
1700	441	442	393	392
1701	490	491	442	441
1702	539	540	491	490
1703	588	589	540	539
1704	637	638	589	588
1705	686	687	638	637
1706	735	736	687	686
1707	784	785	736	735
1708	833	834	785	784
1709	882	883	834	833
1710	931	932	883	882
1711	980	981	932	931
1712	1029	1030	981	980
1713	1078	1079	1030	1029
1714	1127	1128	1079	1078
1715	1176	1177	1128	1127
1716	1225	1226	1177	1176
1717	1274	1275	1226	1225
1718	1323	1324	1275	1274
1719	1372	1373	1324	1323
1720	1421	1422	1373	1372
1721	1470	1471	1422	1421
1722	1519	1520	1471	1470
1723	1568	1569	1520	1519
1724	1617	1618	1569	1568
1725	1666	1667	1618	1617
1726	1673	1672	1667	1666
1727	99	1825	1	1824
1728	148	1826	1825	99
1729	197	1827	1826	148
1730	246	1828	1827	197
1731	295	1829	1828	246
1732	344	1830	1829	295
1733	393	1831	1830	344
1734	442	1832	1831	393
1735	491	1833	1832	442
1736	540	1834	1833	491
1737	589	1835	1834	540
1738	638	1836	1835	589
1739	687	1837	1836	638
1740	736	1838	1837	687
1741	785	1839	1838	736
1742	834	1840	1839	785
1743	883	1841	1840	834
1744	932	1842	1841	883
1745	981	1843	1842	932
1746	1030	1844	1843	981
1747	1079	1845	1844	1030
1748	1128	1846	1845	1079
1749	1177	1847	1846	1128
1750	1226	1848	1847	1177
1751	1275	1849	1848	1226
1752	1324	1850	1849	1275
1753	1373	1851	1850	1324
1754	1422	1852	1851	1373
1755	1471	1853	1852	1422
1756	1520	1854	1853	1471
1757	1569	1855	1854	1520
1758	1618	1856	1855	1569
1759	1667	1857	1856	1618
1760	1672	2	1857	1667
