Element Number	Nodes			
1	3377	7	3399	5
2	3378	11	7	3377
3	3379	15	11	3378
4	3380	19	15	3379
5	3381	23	19	3380
6	3382	27	23	3381
7	3383	31	27	3382
8	3384	35	31	3383
9	3385	39	35	3384
10	3386	43	39	3385
11	3387	47	43	3386
12	3388	51	47	3387
13	3389	55	51	3388
14	3390	59	55	3389
15	3391	63	59	3390
16	3392	67	63	3391
17	3393	71	67	3392
18	3394	75	71	3393
19	3395	79	75	3394
20	3396	83	79	3395
21	3397	87	83	3396
22	3398	91	87	3397
23	6	3329	91	3398
24	7	8	3400	3399
25	11	12	8	7
26	15	16	12	11
27	19	20	16	15
28	23	24	20	19
29	27	28	24	23
30	31	32	28	27
31	35	36	32	31
32	39	40	36	35
33	43	44	40	39
34	47	48	44	43
35	51	52	48	47
36	55	56	52	51
37	59	60	56	55
38	63	64	60	59
39	67	68	64	63
40	71	72	68	67
41	75	76	72	71
42	79	80	76	75
43	83	84	80	79
44	87	88	84	83
45	91	92	88	87
46	3329	3330	92	91
47	8	9	3401	3400
48	12	13	9	8
49	16	17	13	12
50	20	21	17	16
51	24	25	21	20
52	28	29	25	24
53	32	33	29	28
54	36	37	33	32
55	40	41	37	36
56	44	45	41	40
57	48	49	45	44
58	52	53	49	48
59	56	57	53	52
60	60	61	57	56
61	64	65	61	60
62	68	69	65	64
63	72	73	69	68
64	76	77	73	72
65	80	81	77	76
66	84	85	81	80
67	88	89	85	84
68	92	93	89	88
69	3330	3331	93	92
70	9	10	3402	3401
71	13	14	10	9
72	17	18	14	13
73	21	22	18	17
74	25	26	22	21
75	29	30	26	25
76	33	34	30	29
77	37	38	34	33
78	41	42	38	37
79	45	46	42	41
80	49	50	46	45
81	53	54	50	49
82	57	58	54	53
83	61	62	58	57
84	65	66	62	61
85	69	70	66	65
86	73	74	70	69
87	77	78	74	73
88	81	82	78	77
89	85	86	82	81
90	89	90	86	85
91	93	94	90	89
92	3331	3332	94	93
93	10	3403	4	3402
94	14	3404	3403	10
95	18	3405	3404	14
96	22	3406	3405	18
97	26	3407	3406	22
98	30	3408	3407	26
99	34	3409	3408	30
100	38	3410	3409	34
101	42	3411	3410	38
102	46	3412	3411	42
103	50	3413	3412	46
104	54	3414	3413	50
105	58	3415	3414	54
106	62	3416	3415	58
107	66	3417	3416	62
108	70	3418	3417	66
109	74	3419	3418	70
110	78	3420	3419	74
111	82	3421	3420	78
112	86	3422	3421	82
113	90	3423	3422	86
114	94	3424	3423	90
115	3332	3425	3424	94
116	3491	95	3492	3
117	3490	144	95	3491
118	3489	193	144	3490
119	3488	242	193	3489
120	3487	291	242	3488
121	3486	340	291	3487
122	3485	389	340	3486
123	3484	438	389	3485
124	3483	487	438	3484
125	3482	536	487	3483
126	3481	585	536	3482
127	3480	634	585	3481
128	3479	683	634	3480
129	3478	732	683	3479
130	3477	781	732	3478
131	3476	830	781	3477
132	3475	879	830	3476
133	3474	928	879	3475
134	3473	977	928	3474
135	3472	1026	977	3473
136	3471	1075	1026	3472
137	3470	1124	1075	3471
138	3469	1173	1124	3470
139	3468	1222	1173	3469
140	3467	1271	1222	3468
141	3466	1320	1271	3467
142	3465	1369	1320	3466
143	3464	1418	1369	3465
144	3463	1467	1418	3464
145	3462	1516	1467	3463
146	3461	1565	1516	3462
147	3460	1614	1565	3461
148	3459	1663	1614	3460
149	3458	1712	1663	3459
150	3457	1761	1712	3458
151	3456	1810	1761	3457
152	3455	1859	1810	3456
153	3454	1908	1859	3455
154	3453	1957	1908	3454
155	3452	2006	1957	3453
156	3451	2055	2006	3452
157	3450	2104	2055	3451
158	3449	2153	2104	3450
159	3448	2202	2153	3449
160	3447	2251	2202	3448
161	3446	2300	2251	3447
162	3445	2349	2300	3446
163	3444	2398	2349	3445
164	3443	2447	2398	3444
165	3442	2496	2447	3443
166	3441	2545	2496	3442
167	3440	2594	2545	3441
168	3439	2643	2594	3440
169	3438	2692	2643	3439
170	3437	2741	2692	3438
171	3436	2790	2741	3437
172	3435	2839	2790	3436
173	3434	2888	2839	3435
174	3433	2937	2888	3434
175	3432	2986	2937	3433
176	3431	3035	2986	3432
177	3430	3084	3035	3431
178	3429	3133	3084	3430
179	3428	3182	3133	3429
180	3427	3231	3182	3428
181	3426	3280	3231	3427
182	3425	3332	3280	3426
183	95	96	3493	3492
184	144	145	96	95
185	193	194	145	144
186	242	243	194	193
187	291	292	243	242
188	340	341	292	291
189	389	390	341	340
190	438	439	390	389
191	487	488	439	438
192	536	537	488	487
193	585	586	537	536
194	634	635	586	585
195	683	684	635	634
196	732	733	684	683
197	781	782	733	732
198	830	831	782	781
199	879	880	831	830
200	928	929	880	879
201	977	978	929	928
202	1026	1027	978	977
203	1075	1076	1027	1026
204	1124	1125	1076	1075
205	1173	1174	1125	1124
206	1222	1223	1174	1173
207	1271	1272	1223	1222
208	1320	1321	1272	1271
209	1369	1370	1321	1320
210	1418	1419	1370	1369
211	1467	1468	1419	1418
212	1516	1517	1468	1467
213	1565	1566	1517	1516
214	1614	1615	1566	1565
215	1663	1664	1615	1614
216	1712	1713	1664	1663
217	1761	1762	1713	1712
218	1810	1811	1762	1761
219	1859	1860	1811	1810
220	1908	1909	1860	1859
221	1957	1958	1909	1908
222	2006	2007	1958	1957
223	2055	2056	2007	2006
224	2104	2105	2056	2055
225	2153	2154	2105	2104
226	2202	2203	2154	2153
227	2251	2252	2203	2202
228	2300	2301	2252	2251
229	2349	2350	2301	2300
230	2398	2399	2350	2349
231	2447	2448	2399	2398
232	2496	2497	2448	2447
233	2545	2546	2497	2496
234	2594	2595	2546	2545
235	2643	2644	2595	2594
236	2692	2693	2644	2643
237	2741	2742	2693	2692
238	2790	2791	2742	2741
239	2839	2840	2791	2790
240	2888	2889	2840	2839
241	2937	2938	2889	2888
242	2986	2987	2938	2937
243	3035	3036	2987	2986
244	3084	3085	3036	3035
245	3133	3134	3085	3084
246	3182	3183	3134	3133
247	3231	3232	3183	3182
248	3280	3281	3232	3231
249	3332	3331	3281	3280
250	96	97	3494	3493
251	145	146	97	96
252	194	195	146	145
253	243	244	195	194
254	292	293	244	243
255	341	342	293	292
256	390	391	342	341
257	439	440	391	390
258	488	489	440	439
259	537	538	489	488
260	586	587	538	537
261	635	636	587	586
262	684	685	636	635
263	733	734	685	684
264	782	783	734	733
265	831	832	783	782
266	880	881	832	831
267	929	930	881	880
268	978	979	930	929
269	1027	1028	979	978
270	1076	1077	1028	1027
271	1125	1126	1077	1076
272	1174	1175	1126	1125
273	1223	1224	1175	1174
274	1272	1273	1224	1223
275	1321	1322	1273	1272
276	1370	1371	1322	1321
277	1419	1420	1371	1370
278	1468	1469	1420	1419
279	1517	1518	1469	1468
280	1566	1567	1518	1517
281	1615	1616	1567	1566
282	1664	1665	1616	1615
283	1713	1714	1665	1664
284	1762	1763	1714	1713
285	1811	1812	1763	1762
286	1860	1861	1812	1811
287	1909	1910	1861	1860
288	1958	1959	1910	1909
289	2007	2008	1959	1958
290	2056	2057	2008	2007
291	2105	2106	2057	2056
292	2154	2155	2106	2105
293	2203	2204	2155	2154
294	2252	2253	2204	2203
295	2301	2302	2253	2252
296	2350	2351	2302	2301
297	2399	2400	2351	2350
298	2448	2449	2400	2399
299	2497	2498	2449	2448
300	2546	2547	2498	2497
301	2595	2596	2547	2546
302	2644	2645	2596	2595
303	2693	2694	2645	2644
304	2742	2743	2694	2693
305	2791	2792	2743	2742
306	2840	2841	2792	2791
307	2889	2890	2841	2840
308	2938	2939	2890	2889
309	2987	2988	2939	2938
310	3036	3037	2988	2987
311	3085	3086	3037	3036
312	3134	3135	3086	3085
313	3183	3184	3135	3134
314	3232	3233	3184	3183
315	3281	3282	3233	3232
316	3331	3330	3282	3281
317	97	98	3495	3494
318	146	147	98	97
319	195	196	147	146
320	244	245	196	195
321	293	294	245	244
322	342	343	294	293
323	391	392	343	342
324	440	441	392	391
325	489	490	441	440
326	538	539	490	489
327	587	588	539	538
328	636	637	588	587
329	685	686	637	636
330	734	735	686	685
331	783	784	735	734
332	832	833	784	783
333	881	882	833	832
334	930	931	882	881
335	979	980	931	930
336	1028	1029	980	979
337	1077	1078	1029	1028
338	1126	1127	1078	1077
339	1175	1176	1127	1126
340	1224	1225	1176	1175
341	1273	1274	1225	1224
342	1322	1323	1274	1273
343	1371	1372	1323	1322
344	1420	1421	1372	1371
345	1469	1470	1421	1420
346	1518	1519	1470	1469
347	1567	1568	1519	1518
348	1616	1617	1568	1567
349	1665	1666	1617	1616
350	1714	1715	1666	1665
351	1763	1764	1715	1714
352	1812	1813	1764	1763
353	1861	1862	1813	1812
354	1910	1911	1862	1861
355	1959	1960	1911	1910
356	2008	2009	1960	1959
357	2057	2058	2009	2008
358	2106	2107	2058	2057
359	2155	2156	2107	2106
360	2204	2205	2156	2155
361	2253	2254	2205	2204
362	2302	2303	2254	2253
363	2351	2352	2303	2302
364	2400	2401	2352	2351
365	2449	2450	2401	2400
366	2498	2499	2450	2449
367	2547	2548	2499	2498
368	2596	2597	2548	2547
369	2645	2646	2597	2596
370	2694	2695	2646	2645
371	2743	2744	2695	2694
372	2792	2793	2744	2743
373	2841	2842	2793	2792
374	2890	2891	2842	2841
375	2939	2940	2891	2890
376	2988	2989	2940	2939
377	3037	3038	2989	2988
378	3086	3087	3038	3037
379	3135	3136	3087	3086
380	3184	3185	3136	3135
381	3233	3234	3185	3184
382	3282	3283	3234	3233
383	3330	3329	3283	3282
384	98	99	3496	3495
385	147	148	99	98
386	196	197	148	147
387	245	246	197	196
388	294	295	246	245
389	343	344	295	294
390	392	393	344	343
391	441	442	393	392
392	490	491	442	441
393	539	540	491	490
394	588	589	540	539
395	637	638	589	588
396	686	687	638	637
397	735	736	687	686
398	784	785	736	735
399	833	834	785	784
400	882	883	834	833
401	931	932	883	882
402	980	981	932	931
403	1029	1030	981	980
404	1078	1079	1030	1029
405	1127	1128	1079	1078
406	1176	1177	1128	1127
407	1225	1226	1177	1176
408	1274	1275	1226	1225
409	1323	1324	1275	1274
410	1372	1373	1324	1323
411	1421	1422	1373	1372
412	1470	1471	1422	1421
413	1519	1520	1471	1470
414	1568	1569	1520	1519
415	1617	1618	1569	1568
416	1666	1667	1618	1617
417	1715	1716	1667	1666
418	1764	1765	1716	1715
419	1813	1814	1765	1764
420	1862	1863	1814	1813
421	1911	1912	1863	1862
422	1960	1961	1912	1911
423	2009	2010	1961	1960
424	2058	2059	2010	2009
425	2107	2108	2059	2058
426	2156	2157	2108	2107
427	2205	2206	2157	2156
428	2254	2255	2206	2205
429	2303	2304	2255	2254
430	2352	2353	2304	2303
431	2401	2402	2353	2352
432	2450	2451	2402	2401
433	2499	2500	2451	2450
434	2548	2549	2500	2499
435	2597	2598	2549	2548
436	2646	2647	2598	2597
437	2695	2696	2647	2646
438	2744	2745	2696	2695
439	2793	2794	2745	2744
440	2842	2843	2794	2793
441	2891	2892	2843	2842
442	2940	2941	2892	2891
443	2989	2990	2941	2940
444	3038	3039	2990	2989
445	3087	3088	3039	3038
446	3136	3137	3088	3087
447	3185	3186	3137	3136
448	3234	3235	3186	3185
449	3283	3284	3235	3234
450	3329	6	3284	3283
451	99	100	3497	3496
452	148	149	100	99
453	197	198	149	148
454	246	247	198	197
455	295	296	247	246
456	344	345	296	295
457	393	394	345	344
458	442	443	394	393
459	491	492	443	442
460	540	541	492	491
461	589	590	541	540
462	638	639	590	589
463	687	688	639	638
464	736	737	688	687
465	785	786	737	736
466	834	835	786	785
467	883	884	835	834
468	932	933	884	883
469	981	982	933	932
470	1030	1031	982	981
471	1079	1080	1031	1030
472	1128	1129	1080	1079
473	1177	1178	1129	1128
474	1226	1227	1178	1177
475	1275	1276	1227	1226
476	1324	1325	1276	1275
477	1373	1374	1325	1324
478	1422	1423	1374	1373
479	1471	1472	1423	1422
480	1520	1521	1472	1471
481	1569	1570	1521	1520
482	1618	1619	1570	1569
483	1667	1668	1619	1618
484	1716	1717	1668	1667
485	1765	1766	1717	1716
486	1814	1815	1766	1765
487	1863	1864	1815	1814
488	1912	1913	1864	1863
489	1961	1962	1913	1912
490	2010	2011	1962	1961
491	2059	2060	2011	2010
492	2108	2109	2060	2059
493	2157	2158	2109	2108
494	2206	2207	2158	2157
495	2255	2256	2207	2206
496	2304	2305	2256	2255
497	2353	2354	2305	2304
498	2402	2403	2354	2353
499	2451	2452	2403	2402
500	2500	2501	2452	2451
501	2549	2550	2501	2500
502	2598	2599	2550	2549
503	2647	2648	2599	2598
504	2696	2697	2648	2647
505	2745	2746	2697	2696
506	2794	2795	2746	2745
507	2843	2844	2795	2794
508	2892	2893	2844	2843
509	2941	2942	2893	2892
510	2990	2991	2942	2941
511	3039	3040	2991	2990
512	3088	3089	3040	3039
513	3137	3138	3089	3088
514	3186	3187	3138	3137
515	3235	3236	3187	3186
516	3284	3285	3236	3235
517	6	3376	3285	3284
518	100	101	3498	3497
519	149	150	101	100
520	198	199	150	149
521	247	248	199	198
522	296	297	248	247
523	345	346	297	296
524	394	395	346	345
525	443	444	395	394
526	492	493	444	443
527	541	542	493	492
528	590	591	542	541
529	639	640	591	590
530	688	689	640	639
531	737	738	689	688
532	786	787	738	737
533	835	836	787	786
534	884	885	836	835
535	933	934	885	884
536	982	983	934	933
537	1031	1032	983	982
538	1080	1081	1032	1031
539	1129	1130	1081	1080
540	1178	1179	1130	1129
541	1227	1228	1179	1178
542	1276	1277	1228	1227
543	1325	1326	1277	1276
544	1374	1375	1326	1325
545	1423	1424	1375	1374
546	1472	1473	1424	1423
547	1521	1522	1473	1472
548	1570	1571	1522	1521
549	1619	1620	1571	1570
550	1668	1669	1620	1619
551	1717	1718	1669	1668
552	1766	1767	1718	1717
553	1815	1816	1767	1766
554	1864	1865	1816	1815
555	1913	1914	1865	1864
556	1962	1963	1914	1913
557	2011	2012	1963	1962
558	2060	2061	2012	2011
559	2109	2110	2061	2060
560	2158	2159	2110	2109
561	2207	2208	2159	2158
562	2256	2257	2208	2207
563	2305	2306	2257	2256
564	2354	2355	2306	2305
565	2403	2404	2355	2354
566	2452	2453	2404	2403
567	2501	2502	2453	2452
568	2550	2551	2502	2501
569	2599	2600	2551	2550
570	2648	2649	2600	2599
571	2697	2698	2649	2648
572	2746	2747	2698	2697
573	2795	2796	2747	2746
574	2844	2845	2796	2795
575	2893	2894	2845	2844
576	2942	2943	2894	2893
577	2991	2992	2943	2942
578	3040	3041	2992	2991
579	3089	3090	3041	3040
580	3138	3139	3090	3089
581	3187	3188	3139	3138
582	3236	3237	3188	3187
583	3285	3286	3237	3236
584	3376	3375	3286	3285
585	101	102	3499	3498
586	150	151	102	101
587	199	200	151	150
588	248	249	200	199
589	297	298	249	248
590	346	347	298	297
591	395	396	347	346
592	444	445	396	395
593	493	494	445	444
594	542	543	494	493
595	591	592	543	542
596	640	641	592	591
597	689	690	641	640
598	738	739	690	689
599	787	788	739	738
600	836	837	788	787
601	885	886	837	836
602	934	935	886	885
603	983	984	935	934
604	1032	1033	984	983
605	1081	1082	1033	1032
606	1130	1131	1082	1081
607	1179	1180	1131	1130
608	1228	1229	1180	1179
609	1277	1278	1229	1228
610	1326	1327	1278	1277
611	1375	1376	1327	1326
612	1424	1425	1376	1375
613	1473	1474	1425	1424
614	1522	1523	1474	1473
615	1571	1572	1523	1522
616	1620	1621	1572	1571
617	1669	1670	1621	1620
618	1718	1719	1670	1669
619	1767	1768	1719	1718
620	1816	1817	1768	1767
621	1865	1866	1817	1816
622	1914	1915	1866	1865
623	1963	1964	1915	1914
624	2012	2013	1964	1963
625	2061	2062	2013	2012
626	2110	2111	2062	2061
627	2159	2160	2111	2110
628	2208	2209	2160	2159
629	2257	2258	2209	2208
630	2306	2307	2258	2257
631	2355	2356	2307	2306
632	2404	2405	2356	2355
633	2453	2454	2405	2404
634	2502	2503	2454	2453
635	2551	2552	2503	2502
636	2600	2601	2552	2551
637	2649	2650	2601	2600
638	2698	2699	2650	2649
639	2747	2748	2699	2698
640	2796	2797	2748	2747
641	2845	2846	2797	2796
642	2894	2895	2846	2845
643	2943	2944	2895	2894
644	2992	2993	2944	2943
645	3041	3042	2993	2992
646	3090	3091	3042	3041
647	3139	3140	3091	3090
648	3188	3189	3140	3139
649	3237	3238	3189	3188
650	3286	3287	3238	3237
651	3375	3374	3287	3286
652	102	103	3500	3499
653	151	152	103	102
654	200	201	152	151
655	249	250	201	200
656	298	299	250	249
657	347	348	299	298
658	396	397	348	347
659	445	446	397	396
660	494	495	446	445
661	543	544	495	494
662	592	593	544	543
663	641	642	593	592
664	690	691	642	641
665	739	740	691	690
666	788	789	740	739
667	837	838	789	788
668	886	887	838	837
669	935	936	887	886
670	984	985	936	935
671	1033	1034	985	984
672	1082	1083	1034	1033
673	1131	1132	1083	1082
674	1180	1181	1132	1131
675	1229	1230	1181	1180
676	1278	1279	1230	1229
677	1327	1328	1279	1278
678	1376	1377	1328	1327
679	1425	1426	1377	1376
680	1474	1475	1426	1425
681	1523	1524	1475	1474
682	1572	1573	1524	1523
683	1621	1622	1573	1572
684	1670	1671	1622	1621
685	1719	1720	1671	1670
686	1768	1769	1720	1719
687	1817	1818	1769	1768
688	1866	1867	1818	1817
689	1915	1916	1867	1866
690	1964	1965	1916	1915
691	2013	2014	1965	1964
692	2062	2063	2014	2013
693	2111	2112	2063	2062
694	2160	2161	2112	2111
695	2209	2210	2161	2160
696	2258	2259	2210	2209
697	2307	2308	2259	2258
698	2356	2357	2308	2307
699	2405	2406	2357	2356
700	2454	2455	2406	2405
701	2503	2504	2455	2454
702	2552	2553	2504	2503
703	2601	2602	2553	2552
704	2650	2651	2602	2601
705	2699	2700	2651	2650
706	2748	2749	2700	2699
707	2797	2798	2749	2748
708	2846	2847	2798	2797
709	2895	2896	2847	2846
710	2944	2945	2896	2895
711	2993	2994	2945	2944
712	3042	3043	2994	2993
713	3091	3092	3043	3042
714	3140	3141	3092	3091
715	3189	3190	3141	3140
716	3238	3239	3190	3189
717	3287	3288	3239	3238
718	3374	3373	3288	3287
719	103	104	3501	3500
720	152	153	104	103
721	201	202	153	152
722	250	251	202	201
723	299	300	251	250
724	348	349	300	299
725	397	398	349	348
726	446	447	398	397
727	495	496	447	446
728	544	545	496	495
729	593	594	545	544
730	642	643	594	593
731	691	692	643	642
732	740	741	692	691
733	789	790	741	740
734	838	839	790	789
735	887	888	839	838
736	936	937	888	887
737	985	986	937	936
738	1034	1035	986	985
739	1083	1084	1035	1034
740	1132	1133	1084	1083
741	1181	1182	1133	1132
742	1230	1231	1182	1181
743	1279	1280	1231	1230
744	1328	1329	1280	1279
745	1377	1378	1329	1328
746	1426	1427	1378	1377
747	1475	1476	1427	1426
748	1524	1525	1476	1475
749	1573	1574	1525	1524
750	1622	1623	1574	1573
751	1671	1672	1623	1622
752	1720	1721	1672	1671
753	1769	1770	1721	1720
754	1818	1819	1770	1769
755	1867	1868	1819	1818
756	1916	1917	1868	1867
757	1965	1966	1917	1916
758	2014	2015	1966	1965
759	2063	2064	2015	2014
760	2112	2113	2064	2063
761	2161	2162	2113	2112
762	2210	2211	2162	2161
763	2259	2260	2211	2210
764	2308	2309	2260	2259
765	2357	2358	2309	2308
766	2406	2407	2358	2357
767	2455	2456	2407	2406
768	2504	2505	2456	2455
769	2553	2554	2505	2504
770	2602	2603	2554	2553
771	2651	2652	2603	2602
772	2700	2701	2652	2651
773	2749	2750	2701	2700
774	2798	2799	2750	2749
775	2847	2848	2799	2798
776	2896	2897	2848	2847
777	2945	2946	2897	2896
778	2994	2995	2946	2945
779	3043	3044	2995	2994
780	3092	3093	3044	3043
781	3141	3142	3093	3092
782	3190	3191	3142	3141
783	3239	3240	3191	3190
784	3288	3289	3240	3239
785	3373	3372	3289	3288
786	104	105	3502	3501
787	153	154	105	104
788	202	203	154	153
789	251	252	203	202
790	300	301	252	251
791	349	350	301	300
792	398	399	350	349
793	447	448	399	398
794	496	497	448	447
795	545	546	497	496
796	594	595	546	545
797	643	644	595	594
798	692	693	644	643
799	741	742	693	692
800	790	791	742	741
801	839	840	791	790
802	888	889	840	839
803	937	938	889	888
804	986	987	938	937
805	1035	1036	987	986
806	1084	1085	1036	1035
807	1133	1134	1085	1084
808	1182	1183	1134	1133
809	1231	1232	1183	1182
810	1280	1281	1232	1231
811	1329	1330	1281	1280
812	1378	1379	1330	1329
813	1427	1428	1379	1378
814	1476	1477	1428	1427
815	1525	1526	1477	1476
816	1574	1575	1526	1525
817	1623	1624	1575	1574
818	1672	1673	1624	1623
819	1721	1722	1673	1672
820	1770	1771	1722	1721
821	1819	1820	1771	1770
822	1868	1869	1820	1819
823	1917	1918	1869	1868
824	1966	1967	1918	1917
825	2015	2016	1967	1966
826	2064	2065	2016	2015
827	2113	2114	2065	2064
828	2162	2163	2114	2113
829	2211	2212	2163	2162
830	2260	2261	2212	2211
831	2309	2310	2261	2260
832	2358	2359	2310	2309
833	2407	2408	2359	2358
834	2456	2457	2408	2407
835	2505	2506	2457	2456
836	2554	2555	2506	2505
837	2603	2604	2555	2554
838	2652	2653	2604	2603
839	2701	2702	2653	2652
840	2750	2751	2702	2701
841	2799	2800	2751	2750
842	2848	2849	2800	2799
843	2897	2898	2849	2848
844	2946	2947	2898	2897
845	2995	2996	2947	2946
846	3044	3045	2996	2995
847	3093	3094	3045	3044
848	3142	3143	3094	3093
849	3191	3192	3143	3142
850	3240	3241	3192	3191
851	3289	3290	3241	3240
852	3372	3371	3290	3289
853	105	106	3503	3502
854	154	155	106	105
855	203	204	155	154
856	252	253	204	203
857	301	302	253	252
858	350	351	302	301
859	399	400	351	350
860	448	449	400	399
861	497	498	449	448
862	546	547	498	497
863	595	596	547	546
864	644	645	596	595
865	693	694	645	644
866	742	743	694	693
867	791	792	743	742
868	840	841	792	791
869	889	890	841	840
870	938	939	890	889
871	987	988	939	938
872	1036	1037	988	987
873	1085	1086	1037	1036
874	1134	1135	1086	1085
875	1183	1184	1135	1134
876	1232	1233	1184	1183
877	1281	1282	1233	1232
878	1330	1331	1282	1281
879	1379	1380	1331	1330
880	1428	1429	1380	1379
881	1477	1478	1429	1428
882	1526	1527	1478	1477
883	1575	1576	1527	1526
884	1624	1625	1576	1575
885	1673	1674	1625	1624
886	1722	1723	1674	1673
887	1771	1772	1723	1722
888	1820	1821	1772	1771
889	1869	1870	1821	1820
890	1918	1919	1870	1869
891	1967	1968	1919	1918
892	2016	2017	1968	1967
893	2065	2066	2017	2016
894	2114	2115	2066	2065
895	2163	2164	2115	2114
896	2212	2213	2164	2163
897	2261	2262	2213	2212
898	2310	2311	2262	2261
899	2359	2360	2311	2310
900	2408	2409	2360	2359
901	2457	2458	2409	2408
902	2506	2507	2458	2457
903	2555	2556	2507	2506
904	2604	2605	2556	2555
905	2653	2654	2605	2604
906	2702	2703	2654	2653
907	2751	2752	2703	2702
908	2800	2801	2752	2751
909	2849	2850	2801	2800
910	2898	2899	2850	2849
911	2947	2948	2899	2898
912	2996	2997	2948	2947
913	3045	3046	2997	2996
914	3094	3095	3046	3045
915	3143	3144	3095	3094
916	3192	3193	3144	3143
917	3241	3242	3193	3192
918	3290	3291	3242	3241
919	3371	3370	3291	3290
920	106	107	3504	3503
921	155	156	107	106
922	204	205	156	155
923	253	254	205	204
924	302	303	254	253
925	351	352	303	302
926	400	401	352	351
927	449	450	401	400
928	498	499	450	449
929	547	548	499	498
930	596	597	548	547
931	645	646	597	596
932	694	695	646	645
933	743	744	695	694
934	792	793	744	743
935	841	842	793	792
936	890	891	842	841
937	939	940	891	890
938	988	989	940	939
939	1037	1038	989	988
940	1086	1087	1038	1037
941	1135	1136	1087	1086
942	1184	1185	1136	1135
943	1233	1234	1185	1184
944	1282	1283	1234	1233
945	1331	1332	1283	1282
946	1380	1381	1332	1331
947	1429	1430	1381	1380
948	1478	1479	1430	1429
949	1527	1528	1479	1478
950	1576	1577	1528	1527
951	1625	1626	1577	1576
952	1674	1675	1626	1625
953	1723	1724	1675	1674
954	1772	1773	1724	1723
955	1821	1822	1773	1772
956	1870	1871	1822	1821
957	1919	1920	1871	1870
958	1968	1969	1920	1919
959	2017	2018	1969	1968
960	2066	2067	2018	2017
961	2115	2116	2067	2066
962	2164	2165	2116	2115
963	2213	2214	2165	2164
964	2262	2263	2214	2213
965	2311	2312	2263	2262
966	2360	2361	2312	2311
967	2409	2410	2361	2360
968	2458	2459	2410	2409
969	2507	2508	2459	2458
970	2556	2557	2508	2507
971	2605	2606	2557	2556
972	2654	2655	2606	2605
973	2703	2704	2655	2654
974	2752	2753	2704	2703
975	2801	2802	2753	2752
976	2850	2851	2802	2801
977	2899	2900	2851	2850
978	2948	2949	2900	2899
979	2997	2998	2949	2948
980	3046	3047	2998	2997
981	3095	3096	3047	3046
982	3144	3145	3096	3095
983	3193	3194	3145	3144
984	3242	3243	3194	3193
985	3291	3292	3243	3242
986	3370	3369	3292	3291
987	107	108	3505	3504
988	156	157	108	107
989	205	206	157	156
990	254	255	206	205
991	303	304	255	254
992	352	353	304	303
993	401	402	353	352
994	450	451	402	401
995	499	500	451	450
996	548	549	500	499
997	597	598	549	548
998	646	647	598	597
999	695	696	647	646
1000	744	745	696	695
1001	793	794	745	744
1002	842	843	794	793
1003	891	892	843	842
1004	940	941	892	891
1005	989	990	941	940
1006	1038	1039	990	989
1007	1087	1088	1039	1038
1008	1136	1137	1088	1087
1009	1185	1186	1137	1136
1010	1234	1235	1186	1185
1011	1283	1284	1235	1234
1012	1332	1333	1284	1283
1013	1381	1382	1333	1332
1014	1430	1431	1382	1381
1015	1479	1480	1431	1430
1016	1528	1529	1480	1479
1017	1577	1578	1529	1528
1018	1626	1627	1578	1577
1019	1675	1676	1627	1626
1020	1724	1725	1676	1675
1021	1773	1774	1725	1724
1022	1822	1823	1774	1773
1023	1871	1872	1823	1822
1024	1920	1921	1872	1871
1025	1969	1970	1921	1920
1026	2018	2019	1970	1969
1027	2067	2068	2019	2018
1028	2116	2117	2068	2067
1029	2165	2166	2117	2116
1030	2214	2215	2166	2165
1031	2263	2264	2215	2214
1032	2312	2313	2264	2263
1033	2361	2362	2313	2312
1034	2410	2411	2362	2361
1035	2459	2460	2411	2410
1036	2508	2509	2460	2459
1037	2557	2558	2509	2508
1038	2606	2607	2558	2557
1039	2655	2656	2607	2606
1040	2704	2705	2656	2655
1041	2753	2754	2705	2704
1042	2802	2803	2754	2753
1043	2851	2852	2803	2802
1044	2900	2901	2852	2851
1045	2949	2950	2901	2900
1046	2998	2999	2950	2949
1047	3047	3048	2999	2998
1048	3096	3097	3048	3047
1049	3145	3146	3097	3096
1050	3194	3195	3146	3145
1051	3243	3244	3195	3194
1052	3292	3293	3244	3243
1053	3369	3368	3293	3292
1054	108	109	3506	3505
1055	157	158	109	108
1056	206	207	158	157
1057	255	256	207	206
1058	304	305	256	255
1059	353	354	305	304
1060	402	403	354	353
1061	451	452	403	402
1062	500	501	452	451
1063	549	550	501	500
1064	598	599	550	549
1065	647	648	599	598
1066	696	697	648	647
1067	745	746	697	696
1068	794	795	746	745
1069	843	844	795	794
1070	892	893	844	843
1071	941	942	893	892
1072	990	991	942	941
1073	1039	1040	991	990
1074	1088	1089	1040	1039
1075	1137	1138	1089	1088
1076	1186	1187	1138	1137
1077	1235	1236	1187	1186
1078	1284	1285	1236	1235
1079	1333	1334	1285	1284
1080	1382	1383	1334	1333
1081	1431	1432	1383	1382
1082	1480	1481	1432	1431
1083	1529	1530	1481	1480
1084	1578	1579	1530	1529
1085	1627	1628	1579	1578
1086	1676	1677	1628	1627
1087	1725	1726	1677	1676
1088	1774	1775	1726	1725
1089	1823	1824	1775	1774
1090	1872	1873	1824	1823
1091	1921	1922	1873	1872
1092	1970	1971	1922	1921
1093	2019	2020	1971	1970
1094	2068	2069	2020	2019
1095	2117	2118	2069	2068
1096	2166	2167	2118	2117
1097	2215	2216	2167	2166
1098	2264	2265	2216	2215
1099	2313	2314	2265	2264
1100	2362	2363	2314	2313
1101	2411	2412	2363	2362
1102	2460	2461	2412	2411
1103	2509	2510	2461	2460
1104	2558	2559	2510	2509
1105	2607	2608	2559	2558
1106	2656	2657	2608	2607
1107	2705	2706	2657	2656
1108	2754	2755	2706	2705
1109	2803	2804	2755	2754
1110	2852	2853	2804	2803
1111	2901	2902	2853	2852
1112	2950	2951	2902	2901
1113	2999	3000	2951	2950
1114	3048	3049	3000	2999
1115	3097	3098	3049	3048
1116	3146	3147	3098	3097
1117	3195	3196	3147	3146
1118	3244	3245	3196	3195
1119	3293	3294	3245	3244
1120	3368	3367	3294	3293
1121	109	110	3507	3506
1122	158	159	110	109
1123	207	208	159	158
1124	256	257	208	207
1125	305	306	257	256
1126	354	355	306	305
1127	403	404	355	354
1128	452	453	404	403
1129	501	502	453	452
1130	550	551	502	501
1131	599	600	551	550
1132	648	649	600	599
1133	697	698	649	648
1134	746	747	698	697
1135	795	796	747	746
1136	844	845	796	795
1137	893	894	845	844
1138	942	943	894	893
1139	991	992	943	942
1140	1040	1041	992	991
1141	1089	1090	1041	1040
1142	1138	1139	1090	1089
1143	1187	1188	1139	1138
1144	1236	1237	1188	1187
1145	1285	1286	1237	1236
1146	1334	1335	1286	1285
1147	1383	1384	1335	1334
1148	1432	1433	1384	1383
1149	1481	1482	1433	1432
1150	1530	1531	1482	1481
1151	1579	1580	1531	1530
1152	1628	1629	1580	1579
1153	1677	1678	1629	1628
1154	1726	1727	1678	1677
1155	1775	1776	1727	1726
1156	1824	1825	1776	1775
1157	1873	1874	1825	1824
1158	1922	1923	1874	1873
1159	1971	1972	1923	1922
1160	2020	2021	1972	1971
1161	2069	2070	2021	2020
1162	2118	2119	2070	2069
1163	2167	2168	2119	2118
1164	2216	2217	2168	2167
1165	2265	2266	2217	2216
1166	2314	2315	2266	2265
1167	2363	2364	2315	2314
1168	2412	2413	2364	2363
1169	2461	2462	2413	2412
1170	2510	2511	2462	2461
1171	2559	2560	2511	2510
1172	2608	2609	2560	2559
1173	2657	2658	2609	2608
1174	2706	2707	2658	2657
1175	2755	2756	2707	2706
1176	2804	2805	2756	2755
1177	2853	2854	2805	2804
1178	2902	2903	2854	2853
1179	2951	2952	2903	2902
1180	3000	3001	2952	2951
1181	3049	3050	3001	3000
1182	3098	3099	3050	3049
1183	3147	3148	3099	3098
1184	3196	3197	3148	3147
1185	3245	3246	3197	3196
1186	3294	3295	3246	3245
1187	3367	3366	3295	3294
1188	110	111	3508	3507
1189	159	160	111	110
1190	208	209	160	159
1191	257	258	209	208
1192	306	307	258	257
1193	355	356	307	306
1194	404	405	356	355
1195	453	454	405	404
1196	502	503	454	453
1197	551	552	503	502
1198	600	601	552	551
1199	649	650	601	600
1200	698	699	650	649
1201	747	748	699	698
1202	796	797	748	747
1203	845	846	797	796
1204	894	895	846	845
1205	943	944	895	894
1206	992	993	944	943
1207	1041	1042	993	992
1208	1090	1091	1042	1041
1209	1139	1140	1091	1090
1210	1188	1189	1140	1139
1211	1237	1238	1189	1188
1212	1286	1287	1238	1237
1213	1335	1336	1287	1286
1214	1384	1385	1336	1335
1215	1433	1434	1385	1384
1216	1482	1483	1434	1433
1217	1531	1532	1483	1482
1218	1580	1581	1532	1531
1219	1629	1630	1581	1580
1220	1678	1679	1630	1629
1221	1727	1728	1679	1678
1222	1776	1777	1728	1727
1223	1825	1826	1777	1776
1224	1874	1875	1826	1825
1225	1923	1924	1875	1874
1226	1972	1973	1924	1923
1227	2021	2022	1973	1972
1228	2070	2071	2022	2021
1229	2119	2120	2071	2070
1230	2168	2169	2120	2119
1231	2217	2218	2169	2168
1232	2266	2267	2218	2217
1233	2315	2316	2267	2266
1234	2364	2365	2316	2315
1235	2413	2414	2365	2364
1236	2462	2463	2414	2413
1237	2511	2512	2463	2462
1238	2560	2561	2512	2511
1239	2609	2610	2561	2560
1240	2658	2659	2610	2609
1241	2707	2708	2659	2658
1242	2756	2757	2708	2707
1243	2805	2806	2757	2756
1244	2854	2855	2806	2805
1245	2903	2904	2855	2854
1246	2952	2953	2904	2903
1247	3001	3002	2953	2952
1248	3050	3051	3002	3001
1249	3099	3100	3051	3050
1250	3148	3149	3100	3099
1251	3197	3198	3149	3148
1252	3246	3247	3198	3197
1253	3295	3296	3247	3246
1254	3366	3365	3296	3295
1255	111	112	3509	3508
1256	160	161	112	111
1257	209	210	161	160
1258	258	259	210	209
1259	307	308	259	258
1260	356	357	308	307
1261	405	406	357	356
1262	454	455	406	405
1263	503	504	455	454
1264	552	553	504	503
1265	601	602	553	552
1266	650	651	602	601
1267	699	700	651	650
1268	748	749	700	699
1269	797	798	749	748
1270	846	847	798	797
1271	895	896	847	846
1272	944	945	896	895
1273	993	994	945	944
1274	1042	1043	994	993
1275	1091	1092	1043	1042
1276	1140	1141	1092	1091
1277	1189	1190	1141	1140
1278	1238	1239	1190	1189
1279	1287	1288	1239	1238
1280	1336	1337	1288	1287
1281	1385	1386	1337	1336
1282	1434	1435	1386	1385
1283	1483	1484	1435	1434
1284	1532	1533	1484	1483
1285	1581	1582	1533	1532
1286	1630	1631	1582	1581
1287	1679	1680	1631	1630
1288	1728	1729	1680	1679
1289	1777	1778	1729	1728
1290	1826	1827	1778	1777
1291	1875	1876	1827	1826
1292	1924	1925	1876	1875
1293	1973	1974	1925	1924
1294	2022	2023	1974	1973
1295	2071	2072	2023	2022
1296	2120	2121	2072	2071
1297	2169	2170	2121	2120
1298	2218	2219	2170	2169
1299	2267	2268	2219	2218
1300	2316	2317	2268	2267
1301	2365	2366	2317	2316
1302	2414	2415	2366	2365
1303	2463	2464	2415	2414
1304	2512	2513	2464	2463
1305	2561	2562	2513	2512
1306	2610	2611	2562	2561
1307	2659	2660	2611	2610
1308	2708	2709	2660	2659
1309	2757	2758	2709	2708
1310	2806	2807	2758	2757
1311	2855	2856	2807	2806
1312	2904	2905	2856	2855
1313	2953	2954	2905	2904
1314	3002	3003	2954	2953
1315	3051	3052	3003	3002
1316	3100	3101	3052	3051
1317	3149	3150	3101	3100
1318	3198	3199	3150	3149
1319	3247	3248	3199	3198
1320	3296	3297	3248	3247
1321	3365	3364	3297	3296
1322	112	113	3510	3509
1323	161	162	113	112
1324	210	211	162	161
1325	259	260	211	210
1326	308	309	260	259
1327	357	358	309	308
1328	406	407	358	357
1329	455	456	407	406
1330	504	505	456	455
1331	553	554	505	504
1332	602	603	554	553
1333	651	652	603	602
1334	700	701	652	651
1335	749	750	701	700
1336	798	799	750	749
1337	847	848	799	798
1338	896	897	848	847
1339	945	946	897	896
1340	994	995	946	945
1341	1043	1044	995	994
1342	1092	1093	1044	1043
1343	1141	1142	1093	1092
1344	1190	1191	1142	1141
1345	1239	1240	1191	1190
1346	1288	1289	1240	1239
1347	1337	1338	1289	1288
1348	1386	1387	1338	1337
1349	1435	1436	1387	1386
1350	1484	1485	1436	1435
1351	1533	1534	1485	1484
1352	1582	1583	1534	1533
1353	1631	1632	1583	1582
1354	1680	1681	1632	1631
1355	1729	1730	1681	1680
1356	1778	1779	1730	1729
1357	1827	1828	1779	1778
1358	1876	1877	1828	1827
1359	1925	1926	1877	1876
1360	1974	1975	1926	1925
1361	2023	2024	1975	1974
1362	2072	2073	2024	2023
1363	2121	2122	2073	2072
1364	2170	2171	2122	2121
1365	2219	2220	2171	2170
1366	2268	2269	2220	2219
1367	2317	2318	2269	2268
1368	2366	2367	2318	2317
1369	2415	2416	2367	2366
1370	2464	2465	2416	2415
1371	2513	2514	2465	2464
1372	2562	2563	2514	2513
1373	2611	2612	2563	2562
1374	2660	2661	2612	2611
1375	2709	2710	2661	2660
1376	2758	2759	2710	2709
1377	2807	2808	2759	2758
1378	2856	2857	2808	2807
1379	2905	2906	2857	2856
1380	2954	2955	2906	2905
1381	3003	3004	2955	2954
1382	3052	3053	3004	3003
1383	3101	3102	3053	3052
1384	3150	3151	3102	3101
1385	3199	3200	3151	3150
1386	3248	3249	3200	3199
1387	3297	3298	3249	3248
1388	3364	3363	3298	3297
1389	113	114	3511	3510
1390	162	163	114	113
1391	211	212	163	162
1392	260	261	212	211
1393	309	310	261	260
1394	358	359	310	309
1395	407	408	359	358
1396	456	457	408	407
1397	505	506	457	456
1398	554	555	506	505
1399	603	604	555	554
1400	652	653	604	603
1401	701	702	653	652
1402	750	751	702	701
1403	799	800	751	750
1404	848	849	800	799
1405	897	898	849	848
1406	946	947	898	897
1407	995	996	947	946
1408	1044	1045	996	995
1409	1093	1094	1045	1044
1410	1142	1143	1094	1093
1411	1191	1192	1143	1142
1412	1240	1241	1192	1191
1413	1289	1290	1241	1240
1414	1338	1339	1290	1289
1415	1387	1388	1339	1338
1416	1436	1437	1388	1387
1417	1485	1486	1437	1436
1418	1534	1535	1486	1485
1419	1583	1584	1535	1534
1420	1632	1633	1584	1583
1421	1681	1682	1633	1632
1422	1730	1731	1682	1681
1423	1779	1780	1731	1730
1424	1828	1829	1780	1779
1425	1877	1878	1829	1828
1426	1926	1927	1878	1877
1427	1975	1976	1927	1926
1428	2024	2025	1976	1975
1429	2073	2074	2025	2024
1430	2122	2123	2074	2073
1431	2171	2172	2123	2122
1432	2220	2221	2172	2171
1433	2269	2270	2221	2220
1434	2318	2319	2270	2269
1435	2367	2368	2319	2318
1436	2416	2417	2368	2367
1437	2465	2466	2417	2416
1438	2514	2515	2466	2465
1439	2563	2564	2515	2514
1440	2612	2613	2564	2563
1441	2661	2662	2613	2612
1442	2710	2711	2662	2661
1443	2759	2760	2711	2710
1444	2808	2809	2760	2759
1445	2857	2858	2809	2808
1446	2906	2907	2858	2857
1447	2955	2956	2907	2906
1448	3004	3005	2956	2955
1449	3053	3054	3005	3004
1450	3102	3103	3054	3053
1451	3151	3152	3103	3102
1452	3200	3201	3152	3151
1453	3249	3250	3201	3200
1454	3298	3299	3250	3249
1455	3363	3362	3299	3298
1456	114	115	3512	3511
1457	163	164	115	114
1458	212	213	164	163
1459	261	262	213	212
1460	310	311	262	261
1461	359	360	311	310
1462	408	409	360	359
1463	457	458	409	408
1464	506	507	458	457
1465	555	556	507	506
1466	604	605	556	555
1467	653	654	605	604
1468	702	703	654	653
1469	751	752	703	702
1470	800	801	752	751
1471	849	850	801	800
1472	898	899	850	849
1473	947	948	899	898
1474	996	997	948	947
1475	1045	1046	997	996
1476	1094	1095	1046	1045
1477	1143	1144	1095	1094
1478	1192	1193	1144	1143
1479	1241	1242	1193	1192
1480	1290	1291	1242	1241
1481	1339	1340	1291	1290
1482	1388	1389	1340	1339
1483	1437	1438	1389	1388
1484	1486	1487	1438	1437
1485	1535	1536	1487	1486
1486	1584	1585	1536	1535
1487	1633	1634	1585	1584
1488	1682	1683	1634	1633
1489	1731	1732	1683	1682
1490	1780	1781	1732	1731
1491	1829	1830	1781	1780
1492	1878	1879	1830	1829
1493	1927	1928	1879	1878
1494	1976	1977	1928	1927
1495	2025	2026	1977	1976
1496	2074	2075	2026	2025
1497	2123	2124	2075	2074
1498	2172	2173	2124	2123
1499	2221	2222	2173	2172
1500	2270	2271	2222	2221
1501	2319	2320	2271	2270
1502	2368	2369	2320	2319
1503	2417	2418	2369	2368
1504	2466	2467	2418	2417
1505	2515	2516	2467	2466
1506	2564	2565	2516	2515
1507	2613	2614	2565	2564
1508	2662	2663	2614	2613
1509	2711	2712	2663	2662
1510	2760	2761	2712	2711
1511	2809	2810	2761	2760
1512	2858	2859	2810	2809
1513	2907	2908	2859	2858
1514	2956	2957	2908	2907
1515	3005	3006	2957	2956
1516	3054	3055	3006	3005
1517	3103	3104	3055	3054
1518	3152	3153	3104	3103
1519	3201	3202	3153	3152
1520	3250	3251	3202	3201
1521	3299	3300	3251	3250
1522	3362	3361	3300	3299
1523	115	116	3513	3512
1524	164	165	116	115
1525	213	214	165	164
1526	262	263	214	213
1527	311	312	263	262
1528	360	361	312	311
1529	409	410	361	360
1530	458	459	410	409
1531	507	508	459	458
1532	556	557	508	507
1533	605	606	557	556
1534	654	655	606	605
1535	703	704	655	654
1536	752	753	704	703
1537	801	802	753	752
1538	850	851	802	801
1539	899	900	851	850
1540	948	949	900	899
1541	997	998	949	948
1542	1046	1047	998	997
1543	1095	1096	1047	1046
1544	1144	1145	1096	1095
1545	1193	1194	1145	1144
1546	1242	1243	1194	1193
1547	1291	1292	1243	1242
1548	1340	1341	1292	1291
1549	1389	1390	1341	1340
1550	1438	1439	1390	1389
1551	1487	1488	1439	1438
1552	1536	1537	1488	1487
1553	1585	1586	1537	1536
1554	1634	1635	1586	1585
1555	1683	1684	1635	1634
1556	1732	1733	1684	1683
1557	1781	1782	1733	1732
1558	1830	1831	1782	1781
1559	1879	1880	1831	1830
1560	1928	1929	1880	1879
1561	1977	1978	1929	1928
1562	2026	2027	1978	1977
1563	2075	2076	2027	2026
1564	2124	2125	2076	2075
1565	2173	2174	2125	2124
1566	2222	2223	2174	2173
1567	2271	2272	2223	2222
1568	2320	2321	2272	2271
1569	2369	2370	2321	2320
1570	2418	2419	2370	2369
1571	2467	2468	2419	2418
1572	2516	2517	2468	2467
1573	2565	2566	2517	2516
1574	2614	2615	2566	2565
1575	2663	2664	2615	2614
1576	2712	2713	2664	2663
1577	2761	2762	2713	2712
1578	2810	2811	2762	2761
1579	2859	2860	2811	2810
1580	2908	2909	2860	2859
1581	2957	2958	2909	2908
1582	3006	3007	2958	2957
1583	3055	3056	3007	3006
1584	3104	3105	3056	3055
1585	3153	3154	3105	3104
1586	3202	3203	3154	3153
1587	3251	3252	3203	3202
1588	3300	3301	3252	3251
1589	3361	3360	3301	3300
1590	116	117	3514	3513
1591	165	166	117	116
1592	214	215	166	165
1593	263	264	215	214
1594	312	313	264	263
1595	361	362	313	312
1596	410	411	362	361
1597	459	460	411	410
1598	508	509	460	459
1599	557	558	509	508
1600	606	607	558	557
1601	655	656	607	606
1602	704	705	656	655
1603	753	754	705	704
1604	802	803	754	753
1605	851	852	803	802
1606	900	901	852	851
1607	949	950	901	900
1608	998	999	950	949
1609	1047	1048	999	998
1610	1096	1097	1048	1047
1611	1145	1146	1097	1096
1612	1194	1195	1146	1145
1613	1243	1244	1195	1194
1614	1292	1293	1244	1243
1615	1341	1342	1293	1292
1616	1390	1391	1342	1341
1617	1439	1440	1391	1390
1618	1488	1489	1440	1439
1619	1537	1538	1489	1488
1620	1586	1587	1538	1537
1621	1635	1636	1587	1586
1622	1684	1685	1636	1635
1623	1733	1734	1685	1684
1624	1782	1783	1734	1733
1625	1831	1832	1783	1782
1626	1880	1881	1832	1831
1627	1929	1930	1881	1880
1628	1978	1979	1930	1929
1629	2027	2028	1979	1978
1630	2076	2077	2028	2027
1631	2125	2126	2077	2076
1632	2174	2175	2126	2125
1633	2223	2224	2175	2174
1634	2272	2273	2224	2223
1635	2321	2322	2273	2272
1636	2370	2371	2322	2321
1637	2419	2420	2371	2370
1638	2468	2469	2420	2419
1639	2517	2518	2469	2468
1640	2566	2567	2518	2517
1641	2615	2616	2567	2566
1642	2664	2665	2616	2615
1643	2713	2714	2665	2664
1644	2762	2763	2714	2713
1645	2811	2812	2763	2762
1646	2860	2861	2812	2811
1647	2909	2910	2861	2860
1648	2958	2959	2910	2909
1649	3007	3008	2959	2958
1650	3056	3057	3008	3007
1651	3105	3106	3057	3056
1652	3154	3155	3106	3105
1653	3203	3204	3155	3154
1654	3252	3253	3204	3203
1655	3301	3302	3253	3252
1656	3360	3359	3302	3301
1657	117	118	3515	3514
1658	166	167	118	117
1659	215	216	167	166
1660	264	265	216	215
1661	313	314	265	264
1662	362	363	314	313
1663	411	412	363	362
1664	460	461	412	411
1665	509	510	461	460
1666	558	559	510	509
1667	607	608	559	558
1668	656	657	608	607
1669	705	706	657	656
1670	754	755	706	705
1671	803	804	755	754
1672	852	853	804	803
1673	901	902	853	852
1674	950	951	902	901
1675	999	1000	951	950
1676	1048	1049	1000	999
1677	1097	1098	1049	1048
1678	1146	1147	1098	1097
1679	1195	1196	1147	1146
1680	1244	1245	1196	1195
1681	1293	1294	1245	1244
1682	1342	1343	1294	1293
1683	1391	1392	1343	1342
1684	1440	1441	1392	1391
1685	1489	1490	1441	1440
1686	1538	1539	1490	1489
1687	1587	1588	1539	1538
1688	1636	1637	1588	1587
1689	1685	1686	1637	1636
1690	1734	1735	1686	1685
1691	1783	1784	1735	1734
1692	1832	1833	1784	1783
1693	1881	1882	1833	1832
1694	1930	1931	1882	1881
1695	1979	1980	1931	1930
1696	2028	2029	1980	1979
1697	2077	2078	2029	2028
1698	2126	2127	2078	2077
1699	2175	2176	2127	2126
1700	2224	2225	2176	2175
1701	2273	2274	2225	2224
1702	2322	2323	2274	2273
1703	2371	2372	2323	2322
1704	2420	2421	2372	2371
1705	2469	2470	2421	2420
1706	2518	2519	2470	2469
1707	2567	2568	2519	2518
1708	2616	2617	2568	2567
1709	2665	2666	2617	2616
1710	2714	2715	2666	2665
1711	2763	2764	2715	2714
1712	2812	2813	2764	2763
1713	2861	2862	2813	2812
1714	2910	2911	2862	2861
1715	2959	2960	2911	2910
1716	3008	3009	2960	2959
1717	3057	3058	3009	3008
1718	3106	3107	3058	3057
1719	3155	3156	3107	3106
1720	3204	3205	3156	3155
1721	3253	3254	3205	3204
1722	3302	3303	3254	3253
1723	3359	3358	3303	3302
1724	118	119	3516	3515
1725	167	168	119	118
1726	216	217	168	167
1727	265	266	217	216
1728	314	315	266	265
1729	363	364	315	314
1730	412	413	364	363
1731	461	462	413	412
1732	510	511	462	461
1733	559	560	511	510
1734	608	609	560	559
1735	657	658	609	608
1736	706	707	658	657
1737	755	756	707	706
1738	804	805	756	755
1739	853	854	805	804
1740	902	903	854	853
1741	951	952	903	902
1742	1000	1001	952	951
1743	1049	1050	1001	1000
1744	1098	1099	1050	1049
1745	1147	1148	1099	1098
1746	1196	1197	1148	1147
1747	1245	1246	1197	1196
1748	1294	1295	1246	1245
1749	1343	1344	1295	1294
1750	1392	1393	1344	1343
1751	1441	1442	1393	1392
1752	1490	1491	1442	1441
1753	1539	1540	1491	1490
1754	1588	1589	1540	1539
1755	1637	1638	1589	1588
1756	1686	1687	1638	1637
1757	1735	1736	1687	1686
1758	1784	1785	1736	1735
1759	1833	1834	1785	1784
1760	1882	1883	1834	1833
1761	1931	1932	1883	1882
1762	1980	1981	1932	1931
1763	2029	2030	1981	1980
1764	2078	2079	2030	2029
1765	2127	2128	2079	2078
1766	2176	2177	2128	2127
1767	2225	2226	2177	2176
1768	2274	2275	2226	2225
1769	2323	2324	2275	2274
1770	2372	2373	2324	2323
1771	2421	2422	2373	2372
1772	2470	2471	2422	2421
1773	2519	2520	2471	2470
1774	2568	2569	2520	2519
1775	2617	2618	2569	2568
1776	2666	2667	2618	2617
1777	2715	2716	2667	2666
1778	2764	2765	2716	2715
1779	2813	2814	2765	2764
1780	2862	2863	2814	2813
1781	2911	2912	2863	2862
1782	2960	2961	2912	2911
1783	3009	3010	2961	2960
1784	3058	3059	3010	3009
1785	3107	3108	3059	3058
1786	3156	3157	3108	3107
1787	3205	3206	3157	3156
1788	3254	3255	3206	3205
1789	3303	3304	3255	3254
1790	3358	3357	3304	3303
1791	119	120	3517	3516
1792	168	169	120	119
1793	217	218	169	168
1794	266	267	218	217
1795	315	316	267	266
1796	364	365	316	315
1797	413	414	365	364
1798	462	463	414	413
1799	511	512	463	462
1800	560	561	512	511
1801	609	610	561	560
1802	658	659	610	609
1803	707	708	659	658
1804	756	757	708	707
1805	805	806	757	756
1806	854	855	806	805
1807	903	904	855	854
1808	952	953	904	903
1809	1001	1002	953	952
1810	1050	1051	1002	1001
1811	1099	1100	1051	1050
1812	1148	1149	1100	1099
1813	1197	1198	1149	1148
1814	1246	1247	1198	1197
1815	1295	1296	1247	1246
1816	1344	1345	1296	1295
1817	1393	1394	1345	1344
1818	1442	1443	1394	1393
1819	1491	1492	1443	1442
1820	1540	1541	1492	1491
1821	1589	1590	1541	1540
1822	1638	1639	1590	1589
1823	1687	1688	1639	1638
1824	1736	1737	1688	1687
1825	1785	1786	1737	1736
1826	1834	1835	1786	1785
1827	1883	1884	1835	1834
1828	1932	1933	1884	1883
1829	1981	1982	1933	1932
1830	2030	2031	1982	1981
1831	2079	2080	2031	2030
1832	2128	2129	2080	2079
1833	2177	2178	2129	2128
1834	2226	2227	2178	2177
1835	2275	2276	2227	2226
1836	2324	2325	2276	2275
1837	2373	2374	2325	2324
1838	2422	2423	2374	2373
1839	2471	2472	2423	2422
1840	2520	2521	2472	2471
1841	2569	2570	2521	2520
1842	2618	2619	2570	2569
1843	2667	2668	2619	2618
1844	2716	2717	2668	2667
1845	2765	2766	2717	2716
1846	2814	2815	2766	2765
1847	2863	2864	2815	2814
1848	2912	2913	2864	2863
1849	2961	2962	2913	2912
1850	3010	3011	2962	2961
1851	3059	3060	3011	3010
1852	3108	3109	3060	3059
1853	3157	3158	3109	3108
1854	3206	3207	3158	3157
1855	3255	3256	3207	3206
1856	3304	3305	3256	3255
1857	3357	3356	3305	3304
1858	120	121	3518	3517
1859	169	170	121	120
1860	218	219	170	169
1861	267	268	219	218
1862	316	317	268	267
1863	365	366	317	316
1864	414	415	366	365
1865	463	464	415	414
1866	512	513	464	463
1867	561	562	513	512
1868	610	611	562	561
1869	659	660	611	610
1870	708	709	660	659
1871	757	758	709	708
1872	806	807	758	757
1873	855	856	807	806
1874	904	905	856	855
1875	953	954	905	904
1876	1002	1003	954	953
1877	1051	1052	1003	1002
1878	1100	1101	1052	1051
1879	1149	1150	1101	1100
1880	1198	1199	1150	1149
1881	1247	1248	1199	1198
1882	1296	1297	1248	1247
1883	1345	1346	1297	1296
1884	1394	1395	1346	1345
1885	1443	1444	1395	1394
1886	1492	1493	1444	1443
1887	1541	1542	1493	1492
1888	1590	1591	1542	1541
1889	1639	1640	1591	1590
1890	1688	1689	1640	1639
1891	1737	1738	1689	1688
1892	1786	1787	1738	1737
1893	1835	1836	1787	1786
1894	1884	1885	1836	1835
1895	1933	1934	1885	1884
1896	1982	1983	1934	1933
1897	2031	2032	1983	1982
1898	2080	2081	2032	2031
1899	2129	2130	2081	2080
1900	2178	2179	2130	2129
1901	2227	2228	2179	2178
1902	2276	2277	2228	2227
1903	2325	2326	2277	2276
1904	2374	2375	2326	2325
1905	2423	2424	2375	2374
1906	2472	2473	2424	2423
1907	2521	2522	2473	2472
1908	2570	2571	2522	2521
1909	2619	2620	2571	2570
1910	2668	2669	2620	2619
1911	2717	2718	2669	2668
1912	2766	2767	2718	2717
1913	2815	2816	2767	2766
1914	2864	2865	2816	2815
1915	2913	2914	2865	2864
1916	2962	2963	2914	2913
1917	3011	3012	2963	2962
1918	3060	3061	3012	3011
1919	3109	3110	3061	3060
1920	3158	3159	3110	3109
1921	3207	3208	3159	3158
1922	3256	3257	3208	3207
1923	3305	3306	3257	3256
1924	3356	3355	3306	3305
1925	121	122	3519	3518
1926	170	171	122	121
1927	219	220	171	170
1928	268	269	220	219
1929	317	318	269	268
1930	366	367	318	317
1931	415	416	367	366
1932	464	465	416	415
1933	513	514	465	464
1934	562	563	514	513
1935	611	612	563	562
1936	660	661	612	611
1937	709	710	661	660
1938	758	759	710	709
1939	807	808	759	758
1940	856	857	808	807
1941	905	906	857	856
1942	954	955	906	905
1943	1003	1004	955	954
1944	1052	1053	1004	1003
1945	1101	1102	1053	1052
1946	1150	1151	1102	1101
1947	1199	1200	1151	1150
1948	1248	1249	1200	1199
1949	1297	1298	1249	1248
1950	1346	1347	1298	1297
1951	1395	1396	1347	1346
1952	1444	1445	1396	1395
1953	1493	1494	1445	1444
1954	1542	1543	1494	1493
1955	1591	1592	1543	1542
1956	1640	1641	1592	1591
1957	1689	1690	1641	1640
1958	1738	1739	1690	1689
1959	1787	1788	1739	1738
1960	1836	1837	1788	1787
1961	1885	1886	1837	1836
1962	1934	1935	1886	1885
1963	1983	1984	1935	1934
1964	2032	2033	1984	1983
1965	2081	2082	2033	2032
1966	2130	2131	2082	2081
1967	2179	2180	2131	2130
1968	2228	2229	2180	2179
1969	2277	2278	2229	2228
1970	2326	2327	2278	2277
1971	2375	2376	2327	2326
1972	2424	2425	2376	2375
1973	2473	2474	2425	2424
1974	2522	2523	2474	2473
1975	2571	2572	2523	2522
1976	2620	2621	2572	2571
1977	2669	2670	2621	2620
1978	2718	2719	2670	2669
1979	2767	2768	2719	2718
1980	2816	2817	2768	2767
1981	2865	2866	2817	2816
1982	2914	2915	2866	2865
1983	2963	2964	2915	2914
1984	3012	3013	2964	2963
1985	3061	3062	3013	3012
1986	3110	3111	3062	3061
1987	3159	3160	3111	3110
1988	3208	3209	3160	3159
1989	3257	3258	3209	3208
1990	3306	3307	3258	3257
1991	3355	3354	3307	3306
1992	122	123	3520	3519
1993	171	172	123	122
1994	220	221	172	171
1995	269	270	221	220
1996	318	319	270	269
1997	367	368	319	318
1998	416	417	368	367
1999	465	466	417	416
2000	514	515	466	465
2001	563	564	515	514
2002	612	613	564	563
2003	661	662	613	612
2004	710	711	662	661
2005	759	760	711	710
2006	808	809	760	759
2007	857	858	809	808
2008	906	907	858	857
2009	955	956	907	906
2010	1004	1005	956	955
2011	1053	1054	1005	1004
2012	1102	1103	1054	1053
2013	1151	1152	1103	1102
2014	1200	1201	1152	1151
2015	1249	1250	1201	1200
2016	1298	1299	1250	1249
2017	1347	1348	1299	1298
2018	1396	1397	1348	1347
2019	1445	1446	1397	1396
2020	1494	1495	1446	1445
2021	1543	1544	1495	1494
2022	1592	1593	1544	1543
2023	1641	1642	1593	1592
2024	1690	1691	1642	1641
2025	1739	1740	1691	1690
2026	1788	1789	1740	1739
2027	1837	1838	1789	1788
2028	1886	1887	1838	1837
2029	1935	1936	1887	1886
2030	1984	1985	1936	1935
2031	2033	2034	1985	1984
2032	2082	2083	2034	2033
2033	2131	2132	2083	2082
2034	2180	2181	2132	2131
2035	2229	2230	2181	2180
2036	2278	2279	2230	2229
2037	2327	2328	2279	2278
2038	2376	2377	2328	2327
2039	2425	2426	2377	2376
2040	2474	2475	2426	2425
2041	2523	2524	2475	2474
2042	2572	2573	2524	2523
2043	2621	2622	2573	2572
2044	2670	2671	2622	2621
2045	2719	2720	2671	2670
2046	2768	2769	2720	2719
2047	2817	2818	2769	2768
2048	2866	2867	2818	2817
2049	2915	2916	2867	2866
2050	2964	2965	2916	2915
2051	3013	3014	2965	2964
2052	3062	3063	3014	3013
2053	3111	3112	3063	3062
2054	3160	3161	3112	3111
2055	3209	3210	3161	3160
2056	3258	3259	3210	3209
2057	3307	3308	3259	3258
2058	3354	3353	3308	3307
2059	123	124	3521	3520
2060	172	173	124	123
2061	221	222	173	172
2062	270	271	222	221
2063	319	320	271	270
2064	368	369	320	319
2065	417	418	369	368
2066	466	467	418	417
2067	515	516	467	466
2068	564	565	516	515
2069	613	614	565	564
2070	662	663	614	613
2071	711	712	663	662
2072	760	761	712	711
2073	809	810	761	760
2074	858	859	810	809
2075	907	908	859	858
2076	956	957	908	907
2077	1005	1006	957	956
2078	1054	1055	1006	1005
2079	1103	1104	1055	1054
2080	1152	1153	1104	1103
2081	1201	1202	1153	1152
2082	1250	1251	1202	1201
2083	1299	1300	1251	1250
2084	1348	1349	1300	1299
2085	1397	1398	1349	1348
2086	1446	1447	1398	1397
2087	1495	1496	1447	1446
2088	1544	1545	1496	1495
2089	1593	1594	1545	1544
2090	1642	1643	1594	1593
2091	1691	1692	1643	1642
2092	1740	1741	1692	1691
2093	1789	1790	1741	1740
2094	1838	1839	1790	1789
2095	1887	1888	1839	1838
2096	1936	1937	1888	1887
2097	1985	1986	1937	1936
2098	2034	2035	1986	1985
2099	2083	2084	2035	2034
2100	2132	2133	2084	2083
2101	2181	2182	2133	2132
2102	2230	2231	2182	2181
2103	2279	2280	2231	2230
2104	2328	2329	2280	2279
2105	2377	2378	2329	2328
2106	2426	2427	2378	2377
2107	2475	2476	2427	2426
2108	2524	2525	2476	2475
2109	2573	2574	2525	2524
2110	2622	2623	2574	2573
2111	2671	2672	2623	2622
2112	2720	2721	2672	2671
2113	2769	2770	2721	2720
2114	2818	2819	2770	2769
2115	2867	2868	2819	2818
2116	2916	2917	2868	2867
2117	2965	2966	2917	2916
2118	3014	3015	2966	2965
2119	3063	3064	3015	3014
2120	3112	3113	3064	3063
2121	3161	3162	3113	3112
2122	3210	3211	3162	3161
2123	3259	3260	3211	3210
2124	3308	3309	3260	3259
2125	3353	3352	3309	3308
2126	124	125	3522	3521
2127	173	174	125	124
2128	222	223	174	173
2129	271	272	223	222
2130	320	321	272	271
2131	369	370	321	320
2132	418	419	370	369
2133	467	468	419	418
2134	516	517	468	467
2135	565	566	517	516
2136	614	615	566	565
2137	663	664	615	614
2138	712	713	664	663
2139	761	762	713	712
2140	810	811	762	761
2141	859	860	811	810
2142	908	909	860	859
2143	957	958	909	908
2144	1006	1007	958	957
2145	1055	1056	1007	1006
2146	1104	1105	1056	1055
2147	1153	1154	1105	1104
2148	1202	1203	1154	1153
2149	1251	1252	1203	1202
2150	1300	1301	1252	1251
2151	1349	1350	1301	1300
2152	1398	1399	1350	1349
2153	1447	1448	1399	1398
2154	1496	1497	1448	1447
2155	1545	1546	1497	1496
2156	1594	1595	1546	1545
2157	1643	1644	1595	1594
2158	1692	1693	1644	1643
2159	1741	1742	1693	1692
2160	1790	1791	1742	1741
2161	1839	1840	1791	1790
2162	1888	1889	1840	1839
2163	1937	1938	1889	1888
2164	1986	1987	1938	1937
2165	2035	2036	1987	1986
2166	2084	2085	2036	2035
2167	2133	2134	2085	2084
2168	2182	2183	2134	2133
2169	2231	2232	2183	2182
2170	2280	2281	2232	2231
2171	2329	2330	2281	2280
2172	2378	2379	2330	2329
2173	2427	2428	2379	2378
2174	2476	2477	2428	2427
2175	2525	2526	2477	2476
2176	2574	2575	2526	2525
2177	2623	2624	2575	2574
2178	2672	2673	2624	2623
2179	2721	2722	2673	2672
2180	2770	2771	2722	2721
2181	2819	2820	2771	2770
2182	2868	2869	2820	2819
2183	2917	2918	2869	2868
2184	2966	2967	2918	2917
2185	3015	3016	2967	2966
2186	3064	3065	3016	3015
2187	3113	3114	3065	3064
2188	3162	3163	3114	3113
2189	3211	3212	3163	3162
2190	3260	3261	3212	3211
2191	3309	3310	3261	3260
2192	3352	3351	3310	3309
2193	125	126	3523	3522
2194	174	175	126	125
2195	223	224	175	174
2196	272	273	224	223
2197	321	322	273	272
2198	370	371	322	321
2199	419	420	371	370
2200	468	469	420	419
2201	517	518	469	468
2202	566	567	518	517
2203	615	616	567	566
2204	664	665	616	615
2205	713	714	665	664
2206	762	763	714	713
2207	811	812	763	762
2208	860	861	812	811
2209	909	910	861	860
2210	958	959	910	909
2211	1007	1008	959	958
2212	1056	1057	1008	1007
2213	1105	1106	1057	1056
2214	1154	1155	1106	1105
2215	1203	1204	1155	1154
2216	1252	1253	1204	1203
2217	1301	1302	1253	1252
2218	1350	1351	1302	1301
2219	1399	1400	1351	1350
2220	1448	1449	1400	1399
2221	1497	1498	1449	1448
2222	1546	1547	1498	1497
2223	1595	1596	1547	1546
2224	1644	1645	1596	1595
2225	1693	1694	1645	1644
2226	1742	1743	1694	1693
2227	1791	1792	1743	1742
2228	1840	1841	1792	1791
2229	1889	1890	1841	1840
2230	1938	1939	1890	1889
2231	1987	1988	1939	1938
2232	2036	2037	1988	1987
2233	2085	2086	2037	2036
2234	2134	2135	2086	2085
2235	2183	2184	2135	2134
2236	2232	2233	2184	2183
2237	2281	2282	2233	2232
2238	2330	2331	2282	2281
2239	2379	2380	2331	2330
2240	2428	2429	2380	2379
2241	2477	2478	2429	2428
2242	2526	2527	2478	2477
2243	2575	2576	2527	2526
2244	2624	2625	2576	2575
2245	2673	2674	2625	2624
2246	2722	2723	2674	2673
2247	2771	2772	2723	2722
2248	2820	2821	2772	2771
2249	2869	2870	2821	2820
2250	2918	2919	2870	2869
2251	2967	2968	2919	2918
2252	3016	3017	2968	2967
2253	3065	3066	3017	3016
2254	3114	3115	3066	3065
2255	3163	3164	3115	3114
2256	3212	3213	3164	3163
2257	3261	3262	3213	3212
2258	3310	3311	3262	3261
2259	3351	3350	3311	3310
2260	126	127	3524	3523
2261	175	176	127	126
2262	224	225	176	175
2263	273	274	225	224
2264	322	323	274	273
2265	371	372	323	322
2266	420	421	372	371
2267	469	470	421	420
2268	518	519	470	469
2269	567	568	519	518
2270	616	617	568	567
2271	665	666	617	616
2272	714	715	666	665
2273	763	764	715	714
2274	812	813	764	763
2275	861	862	813	812
2276	910	911	862	861
2277	959	960	911	910
2278	1008	1009	960	959
2279	1057	1058	1009	1008
2280	1106	1107	1058	1057
2281	1155	1156	1107	1106
2282	1204	1205	1156	1155
2283	1253	1254	1205	1204
2284	1302	1303	1254	1253
2285	1351	1352	1303	1302
2286	1400	1401	1352	1351
2287	1449	1450	1401	1400
2288	1498	1499	1450	1449
2289	1547	1548	1499	1498
2290	1596	1597	1548	1547
2291	1645	1646	1597	1596
2292	1694	1695	1646	1645
2293	1743	1744	1695	1694
2294	1792	1793	1744	1743
2295	1841	1842	1793	1792
2296	1890	1891	1842	1841
2297	1939	1940	1891	1890
2298	1988	1989	1940	1939
2299	2037	2038	1989	1988
2300	2086	2087	2038	2037
2301	2135	2136	2087	2086
2302	2184	2185	2136	2135
2303	2233	2234	2185	2184
2304	2282	2283	2234	2233
2305	2331	2332	2283	2282
2306	2380	2381	2332	2331
2307	2429	2430	2381	2380
2308	2478	2479	2430	2429
2309	2527	2528	2479	2478
2310	2576	2577	2528	2527
2311	2625	2626	2577	2576
2312	2674	2675	2626	2625
2313	2723	2724	2675	2674
2314	2772	2773	2724	2723
2315	2821	2822	2773	2772
2316	2870	2871	2822	2821
2317	2919	2920	2871	2870
2318	2968	2969	2920	2919
2319	3017	3018	2969	2968
2320	3066	3067	3018	3017
2321	3115	3116	3067	3066
2322	3164	3165	3116	3115
2323	3213	3214	3165	3164
2324	3262	3263	3214	3213
2325	3311	3312	3263	3262
2326	3350	3349	3312	3311
2327	127	128	3525	3524
2328	176	177	128	127
2329	225	226	177	176
2330	274	275	226	225
2331	323	324	275	274
2332	372	373	324	323
2333	421	422	373	372
2334	470	471	422	421
2335	519	520	471	470
2336	568	569	520	519
2337	617	618	569	568
2338	666	667	618	617
2339	715	716	667	666
2340	764	765	716	715
2341	813	814	765	764
2342	862	863	814	813
2343	911	912	863	862
2344	960	961	912	911
2345	1009	1010	961	960
2346	1058	1059	1010	1009
2347	1107	1108	1059	1058
2348	1156	1157	1108	1107
2349	1205	1206	1157	1156
2350	1254	1255	1206	1205
2351	1303	1304	1255	1254
2352	1352	1353	1304	1303
2353	1401	1402	1353	1352
2354	1450	1451	1402	1401
2355	1499	1500	1451	1450
2356	1548	1549	1500	1499
2357	1597	1598	1549	1548
2358	1646	1647	1598	1597
2359	1695	1696	1647	1646
2360	1744	1745	1696	1695
2361	1793	1794	1745	1744
2362	1842	1843	1794	1793
2363	1891	1892	1843	1842
2364	1940	1941	1892	1891
2365	1989	1990	1941	1940
2366	2038	2039	1990	1989
2367	2087	2088	2039	2038
2368	2136	2137	2088	2087
2369	2185	2186	2137	2136
2370	2234	2235	2186	2185
2371	2283	2284	2235	2234
2372	2332	2333	2284	2283
2373	2381	2382	2333	2332
2374	2430	2431	2382	2381
2375	2479	2480	2431	2430
2376	2528	2529	2480	2479
2377	2577	2578	2529	2528
2378	2626	2627	2578	2577
2379	2675	2676	2627	2626
2380	2724	2725	2676	2675
2381	2773	2774	2725	2724
2382	2822	2823	2774	2773
2383	2871	2872	2823	2822
2384	2920	2921	2872	2871
2385	2969	2970	2921	2920
2386	3018	3019	2970	2969
2387	3067	3068	3019	3018
2388	3116	3117	3068	3067
2389	3165	3166	3117	3116
2390	3214	3215	3166	3165
2391	3263	3264	3215	3214
2392	3312	3313	3264	3263
2393	3349	3348	3313	3312
2394	128	129	3526	3525
2395	177	178	129	128
2396	226	227	178	177
2397	275	276	227	226
2398	324	325	276	275
2399	373	374	325	324
2400	422	423	374	373
2401	471	472	423	422
2402	520	521	472	471
2403	569	570	521	520
2404	618	619	570	569
2405	667	668	619	618
2406	716	717	668	667
2407	765	766	717	716
2408	814	815	766	765
2409	863	864	815	814
2410	912	913	864	863
2411	961	962	913	912
2412	1010	1011	962	961
2413	1059	1060	1011	1010
2414	1108	1109	1060	1059
2415	1157	1158	1109	1108
2416	1206	1207	1158	1157
2417	1255	1256	1207	1206
2418	1304	1305	1256	1255
2419	1353	1354	1305	1304
2420	1402	1403	1354	1353
2421	1451	1452	1403	1402
2422	1500	1501	1452	1451
2423	1549	1550	1501	1500
2424	1598	1599	1550	1549
2425	1647	1648	1599	1598
2426	1696	1697	1648	1647
2427	1745	1746	1697	1696
2428	1794	1795	1746	1745
2429	1843	1844	1795	1794
2430	1892	1893	1844	1843
2431	1941	1942	1893	1892
2432	1990	1991	1942	1941
2433	2039	2040	1991	1990
2434	2088	2089	2040	2039
2435	2137	2138	2089	2088
2436	2186	2187	2138	2137
2437	2235	2236	2187	2186
2438	2284	2285	2236	2235
2439	2333	2334	2285	2284
2440	2382	2383	2334	2333
2441	2431	2432	2383	2382
2442	2480	2481	2432	2431
2443	2529	2530	2481	2480
2444	2578	2579	2530	2529
2445	2627	2628	2579	2578
2446	2676	2677	2628	2627
2447	2725	2726	2677	2676
2448	2774	2775	2726	2725
2449	2823	2824	2775	2774
2450	2872	2873	2824	2823
2451	2921	2922	2873	2872
2452	2970	2971	2922	2921
2453	3019	3020	2971	2970
2454	3068	3069	3020	3019
2455	3117	3118	3069	3068
2456	3166	3167	3118	3117
2457	3215	3216	3167	3166
2458	3264	3265	3216	3215
2459	3313	3314	3265	3264
2460	3348	3347	3314	3313
2461	129	130	3527	3526
2462	178	179	130	129
2463	227	228	179	178
2464	276	277	228	227
2465	325	326	277	276
2466	374	375	326	325
2467	423	424	375	374
2468	472	473	424	423
2469	521	522	473	472
2470	570	571	522	521
2471	619	620	571	570
2472	668	669	620	619
2473	717	718	669	668
2474	766	767	718	717
2475	815	816	767	766
2476	864	865	816	815
2477	913	914	865	864
2478	962	963	914	913
2479	1011	1012	963	962
2480	1060	1061	1012	1011
2481	1109	1110	1061	1060
2482	1158	1159	1110	1109
2483	1207	1208	1159	1158
2484	1256	1257	1208	1207
2485	1305	1306	1257	1256
2486	1354	1355	1306	1305
2487	1403	1404	1355	1354
2488	1452	1453	1404	1403
2489	1501	1502	1453	1452
2490	1550	1551	1502	1501
2491	1599	1600	1551	1550
2492	1648	1649	1600	1599
2493	1697	1698	1649	1648
2494	1746	1747	1698	1697
2495	1795	1796	1747	1746
2496	1844	1845	1796	1795
2497	1893	1894	1845	1844
2498	1942	1943	1894	1893
2499	1991	1992	1943	1942
2500	2040	2041	1992	1991
2501	2089	2090	2041	2040
2502	2138	2139	2090	2089
2503	2187	2188	2139	2138
2504	2236	2237	2188	2187
2505	2285	2286	2237	2236
2506	2334	2335	2286	2285
2507	2383	2384	2335	2334
2508	2432	2433	2384	2383
2509	2481	2482	2433	2432
2510	2530	2531	2482	2481
2511	2579	2580	2531	2530
2512	2628	2629	2580	2579
2513	2677	2678	2629	2628
2514	2726	2727	2678	2677
2515	2775	2776	2727	2726
2516	2824	2825	2776	2775
2517	2873	2874	2825	2824
2518	2922	2923	2874	2873
2519	2971	2972	2923	2922
2520	3020	3021	2972	2971
2521	3069	3070	3021	3020
2522	3118	3119	3070	3069
2523	3167	3168	3119	3118
2524	3216	3217	3168	3167
2525	3265	3266	3217	3216
2526	3314	3315	3266	3265
2527	3347	3346	3315	3314
2528	130	131	3528	3527
2529	179	180	131	130
2530	228	229	180	179
2531	277	278	229	228
2532	326	327	278	277
2533	375	376	327	326
2534	424	425	376	375
2535	473	474	425	424
2536	522	523	474	473
2537	571	572	523	522
2538	620	621	572	571
2539	669	670	621	620
2540	718	719	670	669
2541	767	768	719	718
2542	816	817	768	767
2543	865	866	817	816
2544	914	915	866	865
2545	963	964	915	914
2546	1012	1013	964	963
2547	1061	1062	1013	1012
2548	1110	1111	1062	1061
2549	1159	1160	1111	1110
2550	1208	1209	1160	1159
2551	1257	1258	1209	1208
2552	1306	1307	1258	1257
2553	1355	1356	1307	1306
2554	1404	1405	1356	1355
2555	1453	1454	1405	1404
2556	1502	1503	1454	1453
2557	1551	1552	1503	1502
2558	1600	1601	1552	1551
2559	1649	1650	1601	1600
2560	1698	1699	1650	1649
2561	1747	1748	1699	1698
2562	1796	1797	1748	1747
2563	1845	1846	1797	1796
2564	1894	1895	1846	1845
2565	1943	1944	1895	1894
2566	1992	1993	1944	1943
2567	2041	2042	1993	1992
2568	2090	2091	2042	2041
2569	2139	2140	2091	2090
2570	2188	2189	2140	2139
2571	2237	2238	2189	2188
2572	2286	2287	2238	2237
2573	2335	2336	2287	2286
2574	2384	2385	2336	2335
2575	2433	2434	2385	2384
2576	2482	2483	2434	2433
2577	2531	2532	2483	2482
2578	2580	2581	2532	2531
2579	2629	2630	2581	2580
2580	2678	2679	2630	2629
2581	2727	2728	2679	2678
2582	2776	2777	2728	2727
2583	2825	2826	2777	2776
2584	2874	2875	2826	2825
2585	2923	2924	2875	2874
2586	2972	2973	2924	2923
2587	3021	3022	2973	2972
2588	3070	3071	3022	3021
2589	3119	3120	3071	3070
2590	3168	3169	3120	3119
2591	3217	3218	3169	3168
2592	3266	3267	3218	3217
2593	3315	3316	3267	3266
2594	3346	3345	3316	3315
2595	131	132	3529	3528
2596	180	181	132	131
2597	229	230	181	180
2598	278	279	230	229
2599	327	328	279	278
2600	376	377	328	327
2601	425	426	377	376
2602	474	475	426	425
2603	523	524	475	474
2604	572	573	524	523
2605	621	622	573	572
2606	670	671	622	621
2607	719	720	671	670
2608	768	769	720	719
2609	817	818	769	768
2610	866	867	818	817
2611	915	916	867	866
2612	964	965	916	915
2613	1013	1014	965	964
2614	1062	1063	1014	1013
2615	1111	1112	1063	1062
2616	1160	1161	1112	1111
2617	1209	1210	1161	1160
2618	1258	1259	1210	1209
2619	1307	1308	1259	1258
2620	1356	1357	1308	1307
2621	1405	1406	1357	1356
2622	1454	1455	1406	1405
2623	1503	1504	1455	1454
2624	1552	1553	1504	1503
2625	1601	1602	1553	1552
2626	1650	1651	1602	1601
2627	1699	1700	1651	1650
2628	1748	1749	1700	1699
2629	1797	1798	1749	1748
2630	1846	1847	1798	1797
2631	1895	1896	1847	1846
2632	1944	1945	1896	1895
2633	1993	1994	1945	1944
2634	2042	2043	1994	1993
2635	2091	2092	2043	2042
2636	2140	2141	2092	2091
2637	2189	2190	2141	2140
2638	2238	2239	2190	2189
2639	2287	2288	2239	2238
2640	2336	2337	2288	2287
2641	2385	2386	2337	2336
2642	2434	2435	2386	2385
2643	2483	2484	2435	2434
2644	2532	2533	2484	2483
2645	2581	2582	2533	2532
2646	2630	2631	2582	2581
2647	2679	2680	2631	2630
2648	2728	2729	2680	2679
2649	2777	2778	2729	2728
2650	2826	2827	2778	2777
2651	2875	2876	2827	2826
2652	2924	2925	2876	2875
2653	2973	2974	2925	2924
2654	3022	3023	2974	2973
2655	3071	3072	3023	3022
2656	3120	3121	3072	3071
2657	3169	3170	3121	3120
2658	3218	3219	3170	3169
2659	3267	3268	3219	3218
2660	3316	3317	3268	3267
2661	3345	3344	3317	3316
2662	132	133	3530	3529
2663	181	182	133	132
2664	230	231	182	181
2665	279	280	231	230
2666	328	329	280	279
2667	377	378	329	328
2668	426	427	378	377
2669	475	476	427	426
2670	524	525	476	475
2671	573	574	525	524
2672	622	623	574	573
2673	671	672	623	622
2674	720	721	672	671
2675	769	770	721	720
2676	818	819	770	769
2677	867	868	819	818
2678	916	917	868	867
2679	965	966	917	916
2680	1014	1015	966	965
2681	1063	1064	1015	1014
2682	1112	1113	1064	1063
2683	1161	1162	1113	1112
2684	1210	1211	1162	1161
2685	1259	1260	1211	1210
2686	1308	1309	1260	1259
2687	1357	1358	1309	1308
2688	1406	1407	1358	1357
2689	1455	1456	1407	1406
2690	1504	1505	1456	1455
2691	1553	1554	1505	1504
2692	1602	1603	1554	1553
2693	1651	1652	1603	1602
2694	1700	1701	1652	1651
2695	1749	1750	1701	1700
2696	1798	1799	1750	1749
2697	1847	1848	1799	1798
2698	1896	1897	1848	1847
2699	1945	1946	1897	1896
2700	1994	1995	1946	1945
2701	2043	2044	1995	1994
2702	2092	2093	2044	2043
2703	2141	2142	2093	2092
2704	2190	2191	2142	2141
2705	2239	2240	2191	2190
2706	2288	2289	2240	2239
2707	2337	2338	2289	2288
2708	2386	2387	2338	2337
2709	2435	2436	2387	2386
2710	2484	2485	2436	2435
2711	2533	2534	2485	2484
2712	2582	2583	2534	2533
2713	2631	2632	2583	2582
2714	2680	2681	2632	2631
2715	2729	2730	2681	2680
2716	2778	2779	2730	2729
2717	2827	2828	2779	2778
2718	2876	2877	2828	2827
2719	2925	2926	2877	2876
2720	2974	2975	2926	2925
2721	3023	3024	2975	2974
2722	3072	3073	3024	3023
2723	3121	3122	3073	3072
2724	3170	3171	3122	3121
2725	3219	3220	3171	3170
2726	3268	3269	3220	3219
2727	3317	3318	3269	3268
2728	3344	3343	3318	3317
2729	133	134	3531	3530
2730	182	183	134	133
2731	231	232	183	182
2732	280	281	232	231
2733	329	330	281	280
2734	378	379	330	329
2735	427	428	379	378
2736	476	477	428	427
2737	525	526	477	476
2738	574	575	526	525
2739	623	624	575	574
2740	672	673	624	623
2741	721	722	673	672
2742	770	771	722	721
2743	819	820	771	770
2744	868	869	820	819
2745	917	918	869	868
2746	966	967	918	917
2747	1015	1016	967	966
2748	1064	1065	1016	1015
2749	1113	1114	1065	1064
2750	1162	1163	1114	1113
2751	1211	1212	1163	1162
2752	1260	1261	1212	1211
2753	1309	1310	1261	1260
2754	1358	1359	1310	1309
2755	1407	1408	1359	1358
2756	1456	1457	1408	1407
2757	1505	1506	1457	1456
2758	1554	1555	1506	1505
2759	1603	1604	1555	1554
2760	1652	1653	1604	1603
2761	1701	1702	1653	1652
2762	1750	1751	1702	1701
2763	1799	1800	1751	1750
2764	1848	1849	1800	1799
2765	1897	1898	1849	1848
2766	1946	1947	1898	1897
2767	1995	1996	1947	1946
2768	2044	2045	1996	1995
2769	2093	2094	2045	2044
2770	2142	2143	2094	2093
2771	2191	2192	2143	2142
2772	2240	2241	2192	2191
2773	2289	2290	2241	2240
2774	2338	2339	2290	2289
2775	2387	2388	2339	2338
2776	2436	2437	2388	2387
2777	2485	2486	2437	2436
2778	2534	2535	2486	2485
2779	2583	2584	2535	2534
2780	2632	2633	2584	2583
2781	2681	2682	2633	2632
2782	2730	2731	2682	2681
2783	2779	2780	2731	2730
2784	2828	2829	2780	2779
2785	2877	2878	2829	2828
2786	2926	2927	2878	2877
2787	2975	2976	2927	2926
2788	3024	3025	2976	2975
2789	3073	3074	3025	3024
2790	3122	3123	3074	3073
2791	3171	3172	3123	3122
2792	3220	3221	3172	3171
2793	3269	3270	3221	3220
2794	3318	3319	3270	3269
2795	3343	3342	3319	3318
2796	134	135	3532	3531
2797	183	184	135	134
2798	232	233	184	183
2799	281	282	233	232
2800	330	331	282	281
2801	379	380	331	330
2802	428	429	380	379
2803	477	478	429	428
2804	526	527	478	477
2805	575	576	527	526
2806	624	625	576	575
2807	673	674	625	624
2808	722	723	674	673
2809	771	772	723	722
2810	820	821	772	771
2811	869	870	821	820
2812	918	919	870	869
2813	967	968	919	918
2814	1016	1017	968	967
2815	1065	1066	1017	1016
2816	1114	1115	1066	1065
2817	1163	1164	1115	1114
2818	1212	1213	1164	1163
2819	1261	1262	1213	1212
2820	1310	1311	1262	1261
2821	1359	1360	1311	1310
2822	1408	1409	1360	1359
2823	1457	1458	1409	1408
2824	1506	1507	1458	1457
2825	1555	1556	1507	1506
2826	1604	1605	1556	1555
2827	1653	1654	1605	1604
2828	1702	1703	1654	1653
2829	1751	1752	1703	1702
2830	1800	1801	1752	1751
2831	1849	1850	1801	1800
2832	1898	1899	1850	1849
2833	1947	1948	1899	1898
2834	1996	1997	1948	1947
2835	2045	2046	1997	1996
2836	2094	2095	2046	2045
2837	2143	2144	2095	2094
2838	2192	2193	2144	2143
2839	2241	2242	2193	2192
2840	2290	2291	2242	2241
2841	2339	2340	2291	2290
2842	2388	2389	2340	2339
2843	2437	2438	2389	2388
2844	2486	2487	2438	2437
2845	2535	2536	2487	2486
2846	2584	2585	2536	2535
2847	2633	2634	2585	2584
2848	2682	2683	2634	2633
2849	2731	2732	2683	2682
2850	2780	2781	2732	2731
2851	2829	2830	2781	2780
2852	2878	2879	2830	2829
2853	2927	2928	2879	2878
2854	2976	2977	2928	2927
2855	3025	3026	2977	2976
2856	3074	3075	3026	3025
2857	3123	3124	3075	3074
2858	3172	3173	3124	3123
2859	3221	3222	3173	3172
2860	3270	3271	3222	3221
2861	3319	3320	3271	3270
2862	3342	3341	3320	3319
2863	135	136	3533	3532
2864	184	185	136	135
2865	233	234	185	184
2866	282	283	234	233
2867	331	332	283	282
2868	380	381	332	331
2869	429	430	381	380
2870	478	479	430	429
2871	527	528	479	478
2872	576	577	528	527
2873	625	626	577	576
2874	674	675	626	625
2875	723	724	675	674
2876	772	773	724	723
2877	821	822	773	772
2878	870	871	822	821
2879	919	920	871	870
2880	968	969	920	919
2881	1017	1018	969	968
2882	1066	1067	1018	1017
2883	1115	1116	1067	1066
2884	1164	1165	1116	1115
2885	1213	1214	1165	1164
2886	1262	1263	1214	1213
2887	1311	1312	1263	1262
2888	1360	1361	1312	1311
2889	1409	1410	1361	1360
2890	1458	1459	1410	1409
2891	1507	1508	1459	1458
2892	1556	1557	1508	1507
2893	1605	1606	1557	1556
2894	1654	1655	1606	1605
2895	1703	1704	1655	1654
2896	1752	1753	1704	1703
2897	1801	1802	1753	1752
2898	1850	1851	1802	1801
2899	1899	1900	1851	1850
2900	1948	1949	1900	1899
2901	1997	1998	1949	1948
2902	2046	2047	1998	1997
2903	2095	2096	2047	2046
2904	2144	2145	2096	2095
2905	2193	2194	2145	2144
2906	2242	2243	2194	2193
2907	2291	2292	2243	2242
2908	2340	2341	2292	2291
2909	2389	2390	2341	2340
2910	2438	2439	2390	2389
2911	2487	2488	2439	2438
2912	2536	2537	2488	2487
2913	2585	2586	2537	2536
2914	2634	2635	2586	2585
2915	2683	2684	2635	2634
2916	2732	2733	2684	2683
2917	2781	2782	2733	2732
2918	2830	2831	2782	2781
2919	2879	2880	2831	2830
2920	2928	2929	2880	2879
2921	2977	2978	2929	2928
2922	3026	3027	2978	2977
2923	3075	3076	3027	3026
2924	3124	3125	3076	3075
2925	3173	3174	3125	3124
2926	3222	3223	3174	3173
2927	3271	3272	3223	3222
2928	3320	3321	3272	3271
2929	3341	3340	3321	3320
2930	136	137	3534	3533
2931	185	186	137	136
2932	234	235	186	185
2933	283	284	235	234
2934	332	333	284	283
2935	381	382	333	332
2936	430	431	382	381
2937	479	480	431	430
2938	528	529	480	479
2939	577	578	529	528
2940	626	627	578	577
2941	675	676	627	626
2942	724	725	676	675
2943	773	774	725	724
2944	822	823	774	773
2945	871	872	823	822
2946	920	921	872	871
2947	969	970	921	920
2948	1018	1019	970	969
2949	1067	1068	1019	1018
2950	1116	1117	1068	1067
2951	1165	1166	1117	1116
2952	1214	1215	1166	1165
2953	1263	1264	1215	1214
2954	1312	1313	1264	1263
2955	1361	1362	1313	1312
2956	1410	1411	1362	1361
2957	1459	1460	1411	1410
2958	1508	1509	1460	1459
2959	1557	1558	1509	1508
2960	1606	1607	1558	1557
2961	1655	1656	1607	1606
2962	1704	1705	1656	1655
2963	1753	1754	1705	1704
2964	1802	1803	1754	1753
2965	1851	1852	1803	1802
2966	1900	1901	1852	1851
2967	1949	1950	1901	1900
2968	1998	1999	1950	1949
2969	2047	2048	1999	1998
2970	2096	2097	2048	2047
2971	2145	2146	2097	2096
2972	2194	2195	2146	2145
2973	2243	2244	2195	2194
2974	2292	2293	2244	2243
2975	2341	2342	2293	2292
2976	2390	2391	2342	2341
2977	2439	2440	2391	2390
2978	2488	2489	2440	2439
2979	2537	2538	2489	2488
2980	2586	2587	2538	2537
2981	2635	2636	2587	2586
2982	2684	2685	2636	2635
2983	2733	2734	2685	2684
2984	2782	2783	2734	2733
2985	2831	2832	2783	2782
2986	2880	2881	2832	2831
2987	2929	2930	2881	2880
2988	2978	2979	2930	2929
2989	3027	3028	2979	2978
2990	3076	3077	3028	3027
2991	3125	3126	3077	3076
2992	3174	3175	3126	3125
2993	3223	3224	3175	3174
2994	3272	3273	3224	3223
2995	3321	3322	3273	3272
2996	3340	3339	3322	3321
2997	137	138	3535	3534
2998	186	187	138	137
2999	235	236	187	186
3000	284	285	236	235
3001	333	334	285	284
3002	382	383	334	333
3003	431	432	383	382
3004	480	481	432	431
3005	529	530	481	480
3006	578	579	530	529
3007	627	628	579	578
3008	676	677	628	627
3009	725	726	677	676
3010	774	775	726	725
3011	823	824	775	774
3012	872	873	824	823
3013	921	922	873	872
3014	970	971	922	921
3015	1019	1020	971	970
3016	1068	1069	1020	1019
3017	1117	1118	1069	1068
3018	1166	1167	1118	1117
3019	1215	1216	1167	1166
3020	1264	1265	1216	1215
3021	1313	1314	1265	1264
3022	1362	1363	1314	1313
3023	1411	1412	1363	1362
3024	1460	1461	1412	1411
3025	1509	1510	1461	1460
3026	1558	1559	1510	1509
3027	1607	1608	1559	1558
3028	1656	1657	1608	1607
3029	1705	1706	1657	1656
3030	1754	1755	1706	1705
3031	1803	1804	1755	1754
3032	1852	1853	1804	1803
3033	1901	1902	1853	1852
3034	1950	1951	1902	1901
3035	1999	2000	1951	1950
3036	2048	2049	2000	1999
3037	2097	2098	2049	2048
3038	2146	2147	2098	2097
3039	2195	2196	2147	2146
3040	2244	2245	2196	2195
3041	2293	2294	2245	2244
3042	2342	2343	2294	2293
3043	2391	2392	2343	2342
3044	2440	2441	2392	2391
3045	2489	2490	2441	2440
3046	2538	2539	2490	2489
3047	2587	2588	2539	2538
3048	2636	2637	2588	2587
3049	2685	2686	2637	2636
3050	2734	2735	2686	2685
3051	2783	2784	2735	2734
3052	2832	2833	2784	2783
3053	2881	2882	2833	2832
3054	2930	2931	2882	2881
3055	2979	2980	2931	2930
3056	3028	3029	2980	2979
3057	3077	3078	3029	3028
3058	3126	3127	3078	3077
3059	3175	3176	3127	3126
3060	3224	3225	3176	3175
3061	3273	3274	3225	3224
3062	3322	3323	3274	3273
3063	3339	3338	3323	3322
3064	138	139	3536	3535
3065	187	188	139	138
3066	236	237	188	187
3067	285	286	237	236
3068	334	335	286	285
3069	383	384	335	334
3070	432	433	384	383
3071	481	482	433	432
3072	530	531	482	481
3073	579	580	531	530
3074	628	629	580	579
3075	677	678	629	628
3076	726	727	678	677
3077	775	776	727	726
3078	824	825	776	775
3079	873	874	825	824
3080	922	923	874	873
3081	971	972	923	922
3082	1020	1021	972	971
3083	1069	1070	1021	1020
3084	1118	1119	1070	1069
3085	1167	1168	1119	1118
3086	1216	1217	1168	1167
3087	1265	1266	1217	1216
3088	1314	1315	1266	1265
3089	1363	1364	1315	1314
3090	1412	1413	1364	1363
3091	1461	1462	1413	1412
3092	1510	1511	1462	1461
3093	1559	1560	1511	1510
3094	1608	1609	1560	1559
3095	1657	1658	1609	1608
3096	1706	1707	1658	1657
3097	1755	1756	1707	1706
3098	1804	1805	1756	1755
3099	1853	1854	1805	1804
3100	1902	1903	1854	1853
3101	1951	1952	1903	1902
3102	2000	2001	1952	1951
3103	2049	2050	2001	2000
3104	2098	2099	2050	2049
3105	2147	2148	2099	2098
3106	2196	2197	2148	2147
3107	2245	2246	2197	2196
3108	2294	2295	2246	2245
3109	2343	2344	2295	2294
3110	2392	2393	2344	2343
3111	2441	2442	2393	2392
3112	2490	2491	2442	2441
3113	2539	2540	2491	2490
3114	2588	2589	2540	2539
3115	2637	2638	2589	2588
3116	2686	2687	2638	2637
3117	2735	2736	2687	2686
3118	2784	2785	2736	2735
3119	2833	2834	2785	2784
3120	2882	2883	2834	2833
3121	2931	2932	2883	2882
3122	2980	2981	2932	2931
3123	3029	3030	2981	2980
3124	3078	3079	3030	3029
3125	3127	3128	3079	3078
3126	3176	3177	3128	3127
3127	3225	3226	3177	3176
3128	3274	3275	3226	3225
3129	3323	3324	3275	3274
3130	3338	3337	3324	3323
3131	139	140	3537	3536
3132	188	189	140	139
3133	237	238	189	188
3134	286	287	238	237
3135	335	336	287	286
3136	384	385	336	335
3137	433	434	385	384
3138	482	483	434	433
3139	531	532	483	482
3140	580	581	532	531
3141	629	630	581	580
3142	678	679	630	629
3143	727	728	679	678
3144	776	777	728	727
3145	825	826	777	776
3146	874	875	826	825
3147	923	924	875	874
3148	972	973	924	923
3149	1021	1022	973	972
3150	1070	1071	1022	1021
3151	1119	1120	1071	1070
3152	1168	1169	1120	1119
3153	1217	1218	1169	1168
3154	1266	1267	1218	1217
3155	1315	1316	1267	1266
3156	1364	1365	1316	1315
3157	1413	1414	1365	1364
3158	1462	1463	1414	1413
3159	1511	1512	1463	1462
3160	1560	1561	1512	1511
3161	1609	1610	1561	1560
3162	1658	1659	1610	1609
3163	1707	1708	1659	1658
3164	1756	1757	1708	1707
3165	1805	1806	1757	1756
3166	1854	1855	1806	1805
3167	1903	1904	1855	1854
3168	1952	1953	1904	1903
3169	2001	2002	1953	1952
3170	2050	2051	2002	2001
3171	2099	2100	2051	2050
3172	2148	2149	2100	2099
3173	2197	2198	2149	2148
3174	2246	2247	2198	2197
3175	2295	2296	2247	2246
3176	2344	2345	2296	2295
3177	2393	2394	2345	2344
3178	2442	2443	2394	2393
3179	2491	2492	2443	2442
3180	2540	2541	2492	2491
3181	2589	2590	2541	2540
3182	2638	2639	2590	2589
3183	2687	2688	2639	2638
3184	2736	2737	2688	2687
3185	2785	2786	2737	2736
3186	2834	2835	2786	2785
3187	2883	2884	2835	2834
3188	2932	2933	2884	2883
3189	2981	2982	2933	2932
3190	3030	3031	2982	2981
3191	3079	3080	3031	3030
3192	3128	3129	3080	3079
3193	3177	3178	3129	3128
3194	3226	3227	3178	3177
3195	3275	3276	3227	3226
3196	3324	3325	3276	3275
3197	3337	3336	3325	3324
3198	140	141	3538	3537
3199	189	190	141	140
3200	238	239	190	189
3201	287	288	239	238
3202	336	337	288	287
3203	385	386	337	336
3204	434	435	386	385
3205	483	484	435	434
3206	532	533	484	483
3207	581	582	533	532
3208	630	631	582	581
3209	679	680	631	630
3210	728	729	680	679
3211	777	778	729	728
3212	826	827	778	777
3213	875	876	827	826
3214	924	925	876	875
3215	973	974	925	924
3216	1022	1023	974	973
3217	1071	1072	1023	1022
3218	1120	1121	1072	1071
3219	1169	1170	1121	1120
3220	1218	1219	1170	1169
3221	1267	1268	1219	1218
3222	1316	1317	1268	1267
3223	1365	1366	1317	1316
3224	1414	1415	1366	1365
3225	1463	1464	1415	1414
3226	1512	1513	1464	1463
3227	1561	1562	1513	1512
3228	1610	1611	1562	1561
3229	1659	1660	1611	1610
3230	1708	1709	1660	1659
3231	1757	1758	1709	1708
3232	1806	1807	1758	1757
3233	1855	1856	1807	1806
3234	1904	1905	1856	1855
3235	1953	1954	1905	1904
3236	2002	2003	1954	1953
3237	2051	2052	2003	2002
3238	2100	2101	2052	2051
3239	2149	2150	2101	2100
3240	2198	2199	2150	2149
3241	2247	2248	2199	2198
3242	2296	2297	2248	2247
3243	2345	2346	2297	2296
3244	2394	2395	2346	2345
3245	2443	2444	2395	2394
3246	2492	2493	2444	2443
3247	2541	2542	2493	2492
3248	2590	2591	2542	2541
3249	2639	2640	2591	2590
3250	2688	2689	2640	2639
3251	2737	2738	2689	2688
3252	2786	2787	2738	2737
3253	2835	2836	2787	2786
3254	2884	2885	2836	2835
3255	2933	2934	2885	2884
3256	2982	2983	2934	2933
3257	3031	3032	2983	2982
3258	3080	3081	3032	3031
3259	3129	3130	3081	3080
3260	3178	3179	3130	3129
3261	3227	3228	3179	3178
3262	3276	3277	3228	3227
3263	3325	3326	3277	3276
3264	3336	3335	3326	3325
3265	141	142	3539	3538
3266	190	191	142	141
3267	239	240	191	190
3268	288	289	240	239
3269	337	338	289	288
3270	386	387	338	337
3271	435	436	387	386
3272	484	485	436	435
3273	533	534	485	484
3274	582	583	534	533
3275	631	632	583	582
3276	680	681	632	631
3277	729	730	681	680
3278	778	779	730	729
3279	827	828	779	778
3280	876	877	828	827
3281	925	926	877	876
3282	974	975	926	925
3283	1023	1024	975	974
3284	1072	1073	1024	1023
3285	1121	1122	1073	1072
3286	1170	1171	1122	1121
3287	1219	1220	1171	1170
3288	1268	1269	1220	1219
3289	1317	1318	1269	1268
3290	1366	1367	1318	1317
3291	1415	1416	1367	1366
3292	1464	1465	1416	1415
3293	1513	1514	1465	1464
3294	1562	1563	1514	1513
3295	1611	1612	1563	1562
3296	1660	1661	1612	1611
3297	1709	1710	1661	1660
3298	1758	1759	1710	1709
3299	1807	1808	1759	1758
3300	1856	1857	1808	1807
3301	1905	1906	1857	1856
3302	1954	1955	1906	1905
3303	2003	2004	1955	1954
3304	2052	2053	2004	2003
3305	2101	2102	2053	2052
3306	2150	2151	2102	2101
3307	2199	2200	2151	2150
3308	2248	2249	2200	2199
3309	2297	2298	2249	2248
3310	2346	2347	2298	2297
3311	2395	2396	2347	2346
3312	2444	2445	2396	2395
3313	2493	2494	2445	2444
3314	2542	2543	2494	2493
3315	2591	2592	2543	2542
3316	2640	2641	2592	2591
3317	2689	2690	2641	2640
3318	2738	2739	2690	2689
3319	2787	2788	2739	2738
3320	2836	2837	2788	2787
3321	2885	2886	2837	2836
3322	2934	2935	2886	2885
3323	2983	2984	2935	2934
3324	3032	3033	2984	2983
3325	3081	3082	3033	3032
3326	3130	3131	3082	3081
3327	3179	3180	3131	3130
3328	3228	3229	3180	3179
3329	3277	3278	3229	3228
3330	3326	3327	3278	3277
3331	3335	3334	3327	3326
3332	142	143	3540	3539
3333	191	192	143	142
3334	240	241	192	191
3335	289	290	241	240
3336	338	339	290	289
3337	387	388	339	338
3338	436	437	388	387
3339	485	486	437	436
3340	534	535	486	485
3341	583	584	535	534
3342	632	633	584	583
3343	681	682	633	632
3344	730	731	682	681
3345	779	780	731	730
3346	828	829	780	779
3347	877	878	829	828
3348	926	927	878	877
3349	975	976	927	926
3350	1024	1025	976	975
3351	1073	1074	1025	1024
3352	1122	1123	1074	1073
3353	1171	1172	1123	1122
3354	1220	1221	1172	1171
3355	1269	1270	1221	1220
3356	1318	1319	1270	1269
3357	1367	1368	1319	1318
3358	1416	1417	1368	1367
3359	1465	1466	1417	1416
3360	1514	1515	1466	1465
3361	1563	1564	1515	1514
3362	1612	1613	1564	1563
3363	1661	1662	1613	1612
3364	1710	1711	1662	1661
3365	1759	1760	1711	1710
3366	1808	1809	1760	1759
3367	1857	1858	1809	1808
3368	1906	1907	1858	1857
3369	1955	1956	1907	1906
3370	2004	2005	1956	1955
3371	2053	2054	2005	2004
3372	2102	2103	2054	2053
3373	2151	2152	2103	2102
3374	2200	2201	2152	2151
3375	2249	2250	2201	2200
3376	2298	2299	2250	2249
3377	2347	2348	2299	2298
3378	2396	2397	2348	2347
3379	2445	2446	2397	2396
3380	2494	2495	2446	2445
3381	2543	2544	2495	2494
3382	2592	2593	2544	2543
3383	2641	2642	2593	2592
3384	2690	2691	2642	2641
3385	2739	2740	2691	2690
3386	2788	2789	2740	2739
3387	2837	2838	2789	2788
3388	2886	2887	2838	2837
3389	2935	2936	2887	2886
3390	2984	2985	2936	2935
3391	3033	3034	2985	2984
3392	3082	3083	3034	3033
3393	3131	3132	3083	3082
3394	3180	3181	3132	3131
3395	3229	3230	3181	3180
3396	3278	3279	3230	3229
3397	3327	3328	3279	3278
3398	3334	3333	3328	3327
3399	143	3541	1	3540
3400	192	3542	3541	143
3401	241	3543	3542	192
3402	290	3544	3543	241
3403	339	3545	3544	290
3404	388	3546	3545	339
3405	437	3547	3546	388
3406	486	3548	3547	437
3407	535	3549	3548	486
3408	584	3550	3549	535
3409	633	3551	3550	584
3410	682	3552	3551	633
3411	731	3553	3552	682
3412	780	3554	3553	731
3413	829	3555	3554	780
3414	878	3556	3555	829
3415	927	3557	3556	878
3416	976	3558	3557	927
3417	1025	3559	3558	976
3418	1074	3560	3559	1025
3419	1123	3561	3560	1074
3420	1172	3562	3561	1123
3421	1221	3563	3562	1172
3422	1270	3564	3563	1221
3423	1319	3565	3564	1270
3424	1368	3566	3565	1319
3425	1417	3567	3566	1368
3426	1466	3568	3567	1417
3427	1515	3569	3568	1466
3428	1564	3570	3569	1515
3429	1613	3571	3570	1564
3430	1662	3572	3571	1613
3431	1711	3573	3572	1662
3432	1760	3574	3573	1711
3433	1809	3575	3574	1760
3434	1858	3576	3575	1809
3435	1907	3577	3576	1858
3436	1956	3578	3577	1907
3437	2005	3579	3578	1956
3438	2054	3580	3579	2005
3439	2103	3581	3580	2054
3440	2152	3582	3581	2103
3441	2201	3583	3582	2152
3442	2250	3584	3583	2201
3443	2299	3585	3584	2250
3444	2348	3586	3585	2299
3445	2397	3587	3586	2348
3446	2446	3588	3587	2397
3447	2495	3589	3588	2446
3448	2544	3590	3589	2495
3449	2593	3591	3590	2544
3450	2642	3592	3591	2593
3451	2691	3593	3592	2642
3452	2740	3594	3593	2691
3453	2789	3595	3594	2740
3454	2838	3596	3595	2789
3455	2887	3597	3596	2838
3456	2936	3598	3597	2887
3457	2985	3599	3598	2936
3458	3034	3600	3599	2985
3459	3083	3601	3600	3034
3460	3132	3602	3601	3083
3461	3181	3603	3602	3132
3462	3230	3604	3603	3181
3463	3279	3605	3604	3230
3464	3328	3606	3605	3279
3465	3333	2	3606	3328
