Node Number	X Location (mm)	Y Location (mm)	Z Location (mm)	
1	1.2246e-015	10.	0.	
2	20.	10.	0.	
3	0.	0.	0.	
4	26.762	0.	0.	
5	26.762	1.	0.	
6	20.	1.	0.	
7	26.468	0.8	0.	
8	26.467	0.6	0.	
9	26.466	0.4	0.	
10	26.466	0.2	0.	
11	26.173	0.8	0.	
12	26.172	0.6	0.	
13	26.17	0.4	0.	
14	26.169	0.2	0.	
15	25.878	0.8	0.	
16	25.876	0.6	0.	
17	25.874	0.4	0.	
18	25.872	0.2	0.	
19	25.584	0.8	0.	
20	25.581	0.6	0.	
21	25.578	0.4	0.	
22	25.576	0.2	0.	
23	25.289	0.8	0.	
24	25.286	0.6	0.	
25	25.282	0.4	0.	
26	25.279	0.2	0.	
27	24.994	0.8	0.	
28	24.99	0.6	0.	
29	24.986	0.4	0.	
30	24.982	0.2	0.	
31	24.7	0.8	0.	
32	24.695	0.6	0.	
33	24.69	0.4	0.	
34	24.686	0.2	0.	
35	24.405	0.8	0.	
36	24.4	0.6	0.	
37	24.394	0.4	0.	
38	24.389	0.2	0.	
39	24.11	0.8	0.	
40	24.104	0.6	0.	
41	24.098	0.4	0.	
42	24.092	0.2	0.	
43	23.816	0.8	0.	
44	23.809	0.6	0.	
45	23.802	0.4	0.	
46	23.795	0.2	0.	
47	23.521	0.8	0.	
48	23.514	0.6	0.	
49	23.506	0.4	0.	
50	23.499	0.2	0.	
51	23.226	0.8	0.	
52	23.218	0.6	0.	
53	23.21	0.4	0.	
54	23.202	0.2	0.	
55	22.931	0.8	0.	
56	22.923	0.6	0.	
57	22.914	0.4	0.	
58	22.905	0.2	0.	
59	22.637	0.8	0.	
60	22.627	0.6	0.	
61	22.618	0.4	0.	
62	22.609	0.2	0.	
63	22.342	0.8	0.	
64	22.332	0.6	0.	
65	22.322	0.4	0.	
66	22.312	0.2	0.	
67	22.047	0.8	0.	
68	22.037	0.6	0.	
69	22.026	0.4	0.	
70	22.015	0.2	0.	
71	21.753	0.8	0.	
72	21.741	0.6	0.	
73	21.73	0.4	0.	
74	21.719	0.2	0.	
75	21.458	0.8	0.	
76	21.446	0.6	0.	
77	21.434	0.4	0.	
78	21.422	0.2	0.	
79	21.163	0.8	0.	
80	21.151	0.6	0.	
81	21.138	0.4	0.	
82	21.125	0.2	0.	
83	20.869	0.8	0.	
84	20.855	0.6	0.	
85	20.842	0.4	0.	
86	20.829	0.2	0.	
87	20.574	0.8	0.	
88	20.56	0.6	0.	
89	20.546	0.4	0.	
90	20.532	0.2	0.	
91	20.279	0.8	0.	
92	20.265	0.6	0.	
93	20.25	0.4	0.	
94	20.235	0.2	0.	
95	0.29759	0.2	0.	
96	0.29782	0.4	0.	
97	0.29805	0.6	0.	
98	0.29828	0.8	0.	
99	0.29851	1.	0.	
100	0.29851	1.2	0.	
101	0.29851	1.4	0.	
102	0.29851	1.6	0.	
103	0.29851	1.8	0.	
104	0.29851	2.	0.	
105	0.29851	2.2	0.	
106	0.29851	2.4	0.	
107	0.29851	2.6	0.	
108	0.29851	2.8	0.	
109	0.29851	3.	0.	
110	0.29851	3.2	0.	
111	0.29851	3.4	0.	
112	0.29851	3.6	0.	
113	0.29851	3.8	0.	
114	0.29851	4.	0.	
115	0.29851	4.2	0.	
116	0.29851	4.4	0.	
117	0.29851	4.6	0.	
118	0.29851	4.8	0.	
119	0.29851	5.	0.	
120	0.29851	5.2	0.	
121	0.29851	5.4	0.	
122	0.29851	5.6	0.	
123	0.29851	5.8	0.	
124	0.29851	6.	0.	
125	0.29851	6.2	0.	
126	0.29851	6.4	0.	
127	0.29851	6.6	0.	
128	0.29851	6.8	0.	
129	0.29851	7.	0.	
130	0.29851	7.2	0.	
131	0.29851	7.4	0.	
132	0.29851	7.6	0.	
133	0.29851	7.8	0.	
134	0.29851	8.	0.	
135	0.29851	8.2	0.	
136	0.29851	8.4	0.	
137	0.29851	8.6	0.	
138	0.29851	8.8	0.	
139	0.29851	9.	0.	
140	0.29851	9.2	0.	
141	0.29851	9.4	0.	
142	0.29851	9.6	0.	
143	0.29851	9.8	0.	
144	0.59518	0.2	0.	
145	0.59564	0.4	0.	
146	0.5961	0.6	0.	
147	0.59656	0.8	0.	
148	0.59701	1.	0.	
149	0.59701	1.2	0.	
150	0.59701	1.4	0.	
151	0.59701	1.6	0.	
152	0.59701	1.8	0.	
153	0.59701	2.	0.	
154	0.59701	2.2	0.	
155	0.59701	2.4	0.	
156	0.59701	2.6	0.	
157	0.59701	2.8	0.	
158	0.59701	3.	0.	
159	0.59701	3.2	0.	
160	0.59701	3.4	0.	
161	0.59701	3.6	0.	
162	0.59701	3.8	0.	
163	0.59701	4.	0.	
164	0.59701	4.2	0.	
165	0.59701	4.4	0.	
166	0.59701	4.6	0.	
167	0.59701	4.8	0.	
168	0.59701	5.	0.	
169	0.59701	5.2	0.	
170	0.59701	5.4	0.	
171	0.59701	5.6	0.	
172	0.59701	5.8	0.	
173	0.59701	6.	0.	
174	0.59701	6.2	0.	
175	0.59701	6.4	0.	
176	0.59701	6.6	0.	
177	0.59701	6.8	0.	
178	0.59701	7.	0.	
179	0.59701	7.2	0.	
180	0.59701	7.4	0.	
181	0.59701	7.6	0.	
182	0.59701	7.8	0.	
183	0.59701	8.	0.	
184	0.59701	8.2	0.	
185	0.59701	8.4	0.	
186	0.59701	8.6	0.	
187	0.59701	8.8	0.	
188	0.59701	9.	0.	
189	0.59701	9.2	0.	
190	0.59701	9.4	0.	
191	0.59701	9.6	0.	
192	0.59701	9.8	0.	
193	0.89277	0.2	0.	
194	0.89346	0.4	0.	
195	0.89415	0.6	0.	
196	0.89483	0.8	0.	
197	0.89552	1.	0.	
198	0.89552	1.2	0.	
199	0.89552	1.4	0.	
200	0.89552	1.6	0.	
201	0.89552	1.8	0.	
202	0.89552	2.	0.	
203	0.89552	2.2	0.	
204	0.89552	2.4	0.	
205	0.89552	2.6	0.	
206	0.89552	2.8	0.	
207	0.89552	3.	0.	
208	0.89552	3.2	0.	
209	0.89552	3.4	0.	
210	0.89552	3.6	0.	
211	0.89552	3.8	0.	
212	0.89552	4.	0.	
213	0.89552	4.2	0.	
214	0.89552	4.4	0.	
215	0.89552	4.6	0.	
216	0.89552	4.8	0.	
217	0.89552	5.	0.	
218	0.89552	5.2	0.	
219	0.89552	5.4	0.	
220	0.89552	5.6	0.	
221	0.89552	5.8	0.	
222	0.89552	6.	0.	
223	0.89552	6.2	0.	
224	0.89552	6.4	0.	
225	0.89552	6.6	0.	
226	0.89552	6.8	0.	
227	0.89552	7.	0.	
228	0.89552	7.2	0.	
229	0.89552	7.4	0.	
230	0.89552	7.6	0.	
231	0.89552	7.8	0.	
232	0.89552	8.	0.	
233	0.89552	8.2	0.	
234	0.89552	8.4	0.	
235	0.89552	8.6	0.	
236	0.89552	8.8	0.	
237	0.89552	9.	0.	
238	0.89552	9.2	0.	
239	0.89552	9.4	0.	
240	0.89552	9.6	0.	
241	0.89552	9.8	0.	
242	1.1904	0.2	0.	
243	1.1913	0.4	0.	
244	1.1922	0.6	0.	
245	1.1931	0.8	0.	
246	1.194	1.	0.	
247	1.194	1.2	0.	
248	1.194	1.4	0.	
249	1.194	1.6	0.	
250	1.194	1.8	0.	
251	1.194	2.	0.	
252	1.194	2.2	0.	
253	1.194	2.4	0.	
254	1.194	2.6	0.	
255	1.194	2.8	0.	
256	1.194	3.	0.	
257	1.194	3.2	0.	
258	1.194	3.4	0.	
259	1.194	3.6	0.	
260	1.194	3.8	0.	
261	1.194	4.	0.	
262	1.194	4.2	0.	
263	1.194	4.4	0.	
264	1.194	4.6	0.	
265	1.194	4.8	0.	
266	1.194	5.	0.	
267	1.194	5.2	0.	
268	1.194	5.4	0.	
269	1.194	5.6	0.	
270	1.194	5.8	0.	
271	1.194	6.	0.	
272	1.194	6.2	0.	
273	1.194	6.4	0.	
274	1.194	6.6	0.	
275	1.194	6.8	0.	
276	1.194	7.	0.	
277	1.194	7.2	0.	
278	1.194	7.4	0.	
279	1.194	7.6	0.	
280	1.194	7.8	0.	
281	1.194	8.	0.	
282	1.194	8.2	0.	
283	1.194	8.4	0.	
284	1.194	8.6	0.	
285	1.194	8.8	0.	
286	1.194	9.	0.	
287	1.194	9.2	0.	
288	1.194	9.4	0.	
289	1.194	9.6	0.	
290	1.194	9.8	0.	
291	1.4879	0.2	0.	
292	1.4891	0.4	0.	
293	1.4902	0.6	0.	
294	1.4914	0.8	0.	
295	1.4925	1.	0.	
296	1.4925	1.2	0.	
297	1.4925	1.4	0.	
298	1.4925	1.6	0.	
299	1.4925	1.8	0.	
300	1.4925	2.	0.	
301	1.4925	2.2	0.	
302	1.4925	2.4	0.	
303	1.4925	2.6	0.	
304	1.4925	2.8	0.	
305	1.4925	3.	0.	
306	1.4925	3.2	0.	
307	1.4925	3.4	0.	
308	1.4925	3.6	0.	
309	1.4925	3.8	0.	
310	1.4925	4.	0.	
311	1.4925	4.2	0.	
312	1.4925	4.4	0.	
313	1.4925	4.6	0.	
314	1.4925	4.8	0.	
315	1.4925	5.	0.	
316	1.4925	5.2	0.	
317	1.4925	5.4	0.	
318	1.4925	5.6	0.	
319	1.4925	5.8	0.	
320	1.4925	6.	0.	
321	1.4925	6.2	0.	
322	1.4925	6.4	0.	
323	1.4925	6.6	0.	
324	1.4925	6.8	0.	
325	1.4925	7.	0.	
326	1.4925	7.2	0.	
327	1.4925	7.4	0.	
328	1.4925	7.6	0.	
329	1.4925	7.8	0.	
330	1.4925	8.	0.	
331	1.4925	8.2	0.	
332	1.4925	8.4	0.	
333	1.4925	8.6	0.	
334	1.4925	8.8	0.	
335	1.4925	9.	0.	
336	1.4925	9.2	0.	
337	1.4925	9.4	0.	
338	1.4925	9.6	0.	
339	1.4925	9.8	0.	
340	1.7855	0.2	0.	
341	1.7869	0.4	0.	
342	1.7883	0.6	0.	
343	1.7897	0.8	0.	
344	1.791	1.	0.	
345	1.791	1.2	0.	
346	1.791	1.4	0.	
347	1.791	1.6	0.	
348	1.791	1.8	0.	
349	1.791	2.	0.	
350	1.791	2.2	0.	
351	1.791	2.4	0.	
352	1.791	2.6	0.	
353	1.791	2.8	0.	
354	1.791	3.	0.	
355	1.791	3.2	0.	
356	1.791	3.4	0.	
357	1.791	3.6	0.	
358	1.791	3.8	0.	
359	1.791	4.	0.	
360	1.791	4.2	0.	
361	1.791	4.4	0.	
362	1.791	4.6	0.	
363	1.791	4.8	0.	
364	1.791	5.	0.	
365	1.791	5.2	0.	
366	1.791	5.4	0.	
367	1.791	5.6	0.	
368	1.791	5.8	0.	
369	1.791	6.	0.	
370	1.791	6.2	0.	
371	1.791	6.4	0.	
372	1.791	6.6	0.	
373	1.791	6.8	0.	
374	1.791	7.	0.	
375	1.791	7.2	0.	
376	1.791	7.4	0.	
377	1.791	7.6	0.	
378	1.791	7.8	0.	
379	1.791	8.	0.	
380	1.791	8.2	0.	
381	1.791	8.4	0.	
382	1.791	8.6	0.	
383	1.791	8.8	0.	
384	1.791	9.	0.	
385	1.791	9.2	0.	
386	1.791	9.4	0.	
387	1.791	9.6	0.	
388	1.791	9.8	0.	
389	2.0831	0.2	0.	
390	2.0847	0.4	0.	
391	2.0863	0.6	0.	
392	2.0879	0.8	0.	
393	2.0896	1.	0.	
394	2.0896	1.2	0.	
395	2.0896	1.4	0.	
396	2.0896	1.6	0.	
397	2.0896	1.8	0.	
398	2.0896	2.	0.	
399	2.0896	2.2	0.	
400	2.0896	2.4	0.	
401	2.0896	2.6	0.	
402	2.0896	2.8	0.	
403	2.0896	3.	0.	
404	2.0896	3.2	0.	
405	2.0896	3.4	0.	
406	2.0896	3.6	0.	
407	2.0896	3.8	0.	
408	2.0896	4.	0.	
409	2.0896	4.2	0.	
410	2.0896	4.4	0.	
411	2.0896	4.6	0.	
412	2.0896	4.8	0.	
413	2.0896	5.	0.	
414	2.0896	5.2	0.	
415	2.0896	5.4	0.	
416	2.0896	5.6	0.	
417	2.0896	5.8	0.	
418	2.0896	6.	0.	
419	2.0896	6.2	0.	
420	2.0896	6.4	0.	
421	2.0896	6.6	0.	
422	2.0896	6.8	0.	
423	2.0896	7.	0.	
424	2.0896	7.2	0.	
425	2.0896	7.4	0.	
426	2.0896	7.6	0.	
427	2.0896	7.8	0.	
428	2.0896	8.	0.	
429	2.0896	8.2	0.	
430	2.0896	8.4	0.	
431	2.0896	8.6	0.	
432	2.0896	8.8	0.	
433	2.0896	9.	0.	
434	2.0896	9.2	0.	
435	2.0896	9.4	0.	
436	2.0896	9.6	0.	
437	2.0896	9.8	0.	
438	2.3807	0.2	0.	
439	2.3826	0.4	0.	
440	2.3844	0.6	0.	
441	2.3862	0.8	0.	
442	2.3881	1.	0.	
443	2.3881	1.2	0.	
444	2.3881	1.4	0.	
445	2.3881	1.6	0.	
446	2.3881	1.8	0.	
447	2.3881	2.	0.	
448	2.3881	2.2	0.	
449	2.3881	2.4	0.	
450	2.3881	2.6	0.	
451	2.3881	2.8	0.	
452	2.3881	3.	0.	
453	2.3881	3.2	0.	
454	2.3881	3.4	0.	
455	2.3881	3.6	0.	
456	2.3881	3.8	0.	
457	2.3881	4.	0.	
458	2.3881	4.2	0.	
459	2.3881	4.4	0.	
460	2.3881	4.6	0.	
461	2.3881	4.8	0.	
462	2.3881	5.	0.	
463	2.3881	5.2	0.	
464	2.3881	5.4	0.	
465	2.3881	5.6	0.	
466	2.3881	5.8	0.	
467	2.3881	6.	0.	
468	2.3881	6.2	0.	
469	2.3881	6.4	0.	
470	2.3881	6.6	0.	
471	2.3881	6.8	0.	
472	2.3881	7.	0.	
473	2.3881	7.2	0.	
474	2.3881	7.4	0.	
475	2.3881	7.6	0.	
476	2.3881	7.8	0.	
477	2.3881	8.	0.	
478	2.3881	8.2	0.	
479	2.3881	8.4	0.	
480	2.3881	8.6	0.	
481	2.3881	8.8	0.	
482	2.3881	9.	0.	
483	2.3881	9.2	0.	
484	2.3881	9.4	0.	
485	2.3881	9.6	0.	
486	2.3881	9.8	0.	
487	2.6783	0.2	0.	
488	2.6804	0.4	0.	
489	2.6824	0.6	0.	
490	2.6845	0.8	0.	
491	2.6866	1.	0.	
492	2.6866	1.2	0.	
493	2.6866	1.4	0.	
494	2.6866	1.6	0.	
495	2.6866	1.8	0.	
496	2.6866	2.	0.	
497	2.6866	2.2	0.	
498	2.6866	2.4	0.	
499	2.6866	2.6	0.	
500	2.6866	2.8	0.	
501	2.6866	3.	0.	
502	2.6866	3.2	0.	
503	2.6866	3.4	0.	
504	2.6866	3.6	0.	
505	2.6866	3.8	0.	
506	2.6866	4.	0.	
507	2.6866	4.2	0.	
508	2.6866	4.4	0.	
509	2.6866	4.6	0.	
510	2.6866	4.8	0.	
511	2.6866	5.	0.	
512	2.6866	5.2	0.	
513	2.6866	5.4	0.	
514	2.6866	5.6	0.	
515	2.6866	5.8	0.	
516	2.6866	6.	0.	
517	2.6866	6.2	0.	
518	2.6866	6.4	0.	
519	2.6866	6.6	0.	
520	2.6866	6.8	0.	
521	2.6866	7.	0.	
522	2.6866	7.2	0.	
523	2.6866	7.4	0.	
524	2.6866	7.6	0.	
525	2.6866	7.8	0.	
526	2.6866	8.	0.	
527	2.6866	8.2	0.	
528	2.6866	8.4	0.	
529	2.6866	8.6	0.	
530	2.6866	8.8	0.	
531	2.6866	9.	0.	
532	2.6866	9.2	0.	
533	2.6866	9.4	0.	
534	2.6866	9.6	0.	
535	2.6866	9.8	0.	
536	2.9759	0.2	0.	
537	2.9782	0.4	0.	
538	2.9805	0.6	0.	
539	2.9828	0.8	0.	
540	2.9851	1.	0.	
541	2.9851	1.2	0.	
542	2.9851	1.4	0.	
543	2.9851	1.6	0.	
544	2.9851	1.8	0.	
545	2.9851	2.	0.	
546	2.9851	2.2	0.	
547	2.9851	2.4	0.	
548	2.9851	2.6	0.	
549	2.9851	2.8	0.	
550	2.9851	3.	0.	
551	2.9851	3.2	0.	
552	2.9851	3.4	0.	
553	2.9851	3.6	0.	
554	2.9851	3.8	0.	
555	2.9851	4.	0.	
556	2.9851	4.2	0.	
557	2.9851	4.4	0.	
558	2.9851	4.6	0.	
559	2.9851	4.8	0.	
560	2.9851	5.	0.	
561	2.9851	5.2	0.	
562	2.9851	5.4	0.	
563	2.9851	5.6	0.	
564	2.9851	5.8	0.	
565	2.9851	6.	0.	
566	2.9851	6.2	0.	
567	2.9851	6.4	0.	
568	2.9851	6.6	0.	
569	2.9851	6.8	0.	
570	2.9851	7.	0.	
571	2.9851	7.2	0.	
572	2.9851	7.4	0.	
573	2.9851	7.6	0.	
574	2.9851	7.8	0.	
575	2.9851	8.	0.	
576	2.9851	8.2	0.	
577	2.9851	8.4	0.	
578	2.9851	8.6	0.	
579	2.9851	8.8	0.	
580	2.9851	9.	0.	
581	2.9851	9.2	0.	
582	2.9851	9.4	0.	
583	2.9851	9.6	0.	
584	2.9851	9.8	0.	
585	3.2735	0.2	0.	
586	3.276	0.4	0.	
587	3.2785	0.6	0.	
588	3.2811	0.8	0.	
589	3.2836	1.	0.	
590	3.2836	1.2	0.	
591	3.2836	1.4	0.	
592	3.2836	1.6	0.	
593	3.2836	1.8	0.	
594	3.2836	2.	0.	
595	3.2836	2.2	0.	
596	3.2836	2.4	0.	
597	3.2836	2.6	0.	
598	3.2836	2.8	0.	
599	3.2836	3.	0.	
600	3.2836	3.2	0.	
601	3.2836	3.4	0.	
602	3.2836	3.6	0.	
603	3.2836	3.8	0.	
604	3.2836	4.	0.	
605	3.2836	4.2	0.	
606	3.2836	4.4	0.	
607	3.2836	4.6	0.	
608	3.2836	4.8	0.	
609	3.2836	5.	0.	
610	3.2836	5.2	0.	
611	3.2836	5.4	0.	
612	3.2836	5.6	0.	
613	3.2836	5.8	0.	
614	3.2836	6.	0.	
615	3.2836	6.2	0.	
616	3.2836	6.4	0.	
617	3.2836	6.6	0.	
618	3.2836	6.8	0.	
619	3.2836	7.	0.	
620	3.2836	7.2	0.	
621	3.2836	7.4	0.	
622	3.2836	7.6	0.	
623	3.2836	7.8	0.	
624	3.2836	8.	0.	
625	3.2836	8.2	0.	
626	3.2836	8.4	0.	
627	3.2836	8.6	0.	
628	3.2836	8.8	0.	
629	3.2836	9.	0.	
630	3.2836	9.2	0.	
631	3.2836	9.4	0.	
632	3.2836	9.6	0.	
633	3.2836	9.8	0.	
634	3.5711	0.2	0.	
635	3.5738	0.4	0.	
636	3.5766	0.6	0.	
637	3.5793	0.8	0.	
638	3.5821	1.	0.	
639	3.5821	1.2	0.	
640	3.5821	1.4	0.	
641	3.5821	1.6	0.	
642	3.5821	1.8	0.	
643	3.5821	2.	0.	
644	3.5821	2.2	0.	
645	3.5821	2.4	0.	
646	3.5821	2.6	0.	
647	3.5821	2.8	0.	
648	3.5821	3.	0.	
649	3.5821	3.2	0.	
650	3.5821	3.4	0.	
651	3.5821	3.6	0.	
652	3.5821	3.8	0.	
653	3.5821	4.	0.	
654	3.5821	4.2	0.	
655	3.5821	4.4	0.	
656	3.5821	4.6	0.	
657	3.5821	4.8	0.	
658	3.5821	5.	0.	
659	3.5821	5.2	0.	
660	3.5821	5.4	0.	
661	3.5821	5.6	0.	
662	3.5821	5.8	0.	
663	3.5821	6.	0.	
664	3.5821	6.2	0.	
665	3.5821	6.4	0.	
666	3.5821	6.6	0.	
667	3.5821	6.8	0.	
668	3.5821	7.	0.	
669	3.5821	7.2	0.	
670	3.5821	7.4	0.	
671	3.5821	7.6	0.	
672	3.5821	7.8	0.	
673	3.5821	8.	0.	
674	3.5821	8.2	0.	
675	3.5821	8.4	0.	
676	3.5821	8.6	0.	
677	3.5821	8.8	0.	
678	3.5821	9.	0.	
679	3.5821	9.2	0.	
680	3.5821	9.4	0.	
681	3.5821	9.6	0.	
682	3.5821	9.8	0.	
683	3.8687	0.2	0.	
684	3.8716	0.4	0.	
685	3.8746	0.6	0.	
686	3.8776	0.8	0.	
687	3.8806	1.	0.	
688	3.8806	1.2	0.	
689	3.8806	1.4	0.	
690	3.8806	1.6	0.	
691	3.8806	1.8	0.	
692	3.8806	2.	0.	
693	3.8806	2.2	0.	
694	3.8806	2.4	0.	
695	3.8806	2.6	0.	
696	3.8806	2.8	0.	
697	3.8806	3.	0.	
698	3.8806	3.2	0.	
699	3.8806	3.4	0.	
700	3.8806	3.6	0.	
701	3.8806	3.8	0.	
702	3.8806	4.	0.	
703	3.8806	4.2	0.	
704	3.8806	4.4	0.	
705	3.8806	4.6	0.	
706	3.8806	4.8	0.	
707	3.8806	5.	0.	
708	3.8806	5.2	0.	
709	3.8806	5.4	0.	
710	3.8806	5.6	0.	
711	3.8806	5.8	0.	
712	3.8806	6.	0.	
713	3.8806	6.2	0.	
714	3.8806	6.4	0.	
715	3.8806	6.6	0.	
716	3.8806	6.8	0.	
717	3.8806	7.	0.	
718	3.8806	7.2	0.	
719	3.8806	7.4	0.	
720	3.8806	7.6	0.	
721	3.8806	7.8	0.	
722	3.8806	8.	0.	
723	3.8806	8.2	0.	
724	3.8806	8.4	0.	
725	3.8806	8.6	0.	
726	3.8806	8.8	0.	
727	3.8806	9.	0.	
728	3.8806	9.2	0.	
729	3.8806	9.4	0.	
730	3.8806	9.6	0.	
731	3.8806	9.8	0.	
732	4.1663	0.2	0.	
733	4.1695	0.4	0.	
734	4.1727	0.6	0.	
735	4.1759	0.8	0.	
736	4.1791	1.	0.	
737	4.1791	1.2	0.	
738	4.1791	1.4	0.	
739	4.1791	1.6	0.	
740	4.1791	1.8	0.	
741	4.1791	2.	0.	
742	4.1791	2.2	0.	
743	4.1791	2.4	0.	
744	4.1791	2.6	0.	
745	4.1791	2.8	0.	
746	4.1791	3.	0.	
747	4.1791	3.2	0.	
748	4.1791	3.4	0.	
749	4.1791	3.6	0.	
750	4.1791	3.8	0.	
751	4.1791	4.	0.	
752	4.1791	4.2	0.	
753	4.1791	4.4	0.	
754	4.1791	4.6	0.	
755	4.1791	4.8	0.	
756	4.1791	5.	0.	
757	4.1791	5.2	0.	
758	4.1791	5.4	0.	
759	4.1791	5.6	0.	
760	4.1791	5.8	0.	
761	4.1791	6.	0.	
762	4.1791	6.2	0.	
763	4.1791	6.4	0.	
764	4.1791	6.6	0.	
765	4.1791	6.8	0.	
766	4.1791	7.	0.	
767	4.1791	7.2	0.	
768	4.1791	7.4	0.	
769	4.1791	7.6	0.	
770	4.1791	7.8	0.	
771	4.1791	8.	0.	
772	4.1791	8.2	0.	
773	4.1791	8.4	0.	
774	4.1791	8.6	0.	
775	4.1791	8.8	0.	
776	4.1791	9.	0.	
777	4.1791	9.2	0.	
778	4.1791	9.4	0.	
779	4.1791	9.6	0.	
780	4.1791	9.8	0.	
781	4.4638	0.2	0.	
782	4.4673	0.4	0.	
783	4.4707	0.6	0.	
784	4.4742	0.8	0.	
785	4.4776	1.	0.	
786	4.4776	1.2	0.	
787	4.4776	1.4	0.	
788	4.4776	1.6	0.	
789	4.4776	1.8	0.	
790	4.4776	2.	0.	
791	4.4776	2.2	0.	
792	4.4776	2.4	0.	
793	4.4776	2.6	0.	
794	4.4776	2.8	0.	
795	4.4776	3.	0.	
796	4.4776	3.2	0.	
797	4.4776	3.4	0.	
798	4.4776	3.6	0.	
799	4.4776	3.8	0.	
800	4.4776	4.	0.	
801	4.4776	4.2	0.	
802	4.4776	4.4	0.	
803	4.4776	4.6	0.	
804	4.4776	4.8	0.	
805	4.4776	5.	0.	
806	4.4776	5.2	0.	
807	4.4776	5.4	0.	
808	4.4776	5.6	0.	
809	4.4776	5.8	0.	
810	4.4776	6.	0.	
811	4.4776	6.2	0.	
812	4.4776	6.4	0.	
813	4.4776	6.6	0.	
814	4.4776	6.8	0.	
815	4.4776	7.	0.	
816	4.4776	7.2	0.	
817	4.4776	7.4	0.	
818	4.4776	7.6	0.	
819	4.4776	7.8	0.	
820	4.4776	8.	0.	
821	4.4776	8.2	0.	
822	4.4776	8.4	0.	
823	4.4776	8.6	0.	
824	4.4776	8.8	0.	
825	4.4776	9.	0.	
826	4.4776	9.2	0.	
827	4.4776	9.4	0.	
828	4.4776	9.6	0.	
829	4.4776	9.8	0.	
830	4.7614	0.2	0.	
831	4.7651	0.4	0.	
832	4.7688	0.6	0.	
833	4.7724	0.8	0.	
834	4.7761	1.	0.	
835	4.7761	1.2	0.	
836	4.7761	1.4	0.	
837	4.7761	1.6	0.	
838	4.7761	1.8	0.	
839	4.7761	2.	0.	
840	4.7761	2.2	0.	
841	4.7761	2.4	0.	
842	4.7761	2.6	0.	
843	4.7761	2.8	0.	
844	4.7761	3.	0.	
845	4.7761	3.2	0.	
846	4.7761	3.4	0.	
847	4.7761	3.6	0.	
848	4.7761	3.8	0.	
849	4.7761	4.	0.	
850	4.7761	4.2	0.	
851	4.7761	4.4	0.	
852	4.7761	4.6	0.	
853	4.7761	4.8	0.	
854	4.7761	5.	0.	
855	4.7761	5.2	0.	
856	4.7761	5.4	0.	
857	4.7761	5.6	0.	
858	4.7761	5.8	0.	
859	4.7761	6.	0.	
860	4.7761	6.2	0.	
861	4.7761	6.4	0.	
862	4.7761	6.6	0.	
863	4.7761	6.8	0.	
864	4.7761	7.	0.	
865	4.7761	7.2	0.	
866	4.7761	7.4	0.	
867	4.7761	7.6	0.	
868	4.7761	7.8	0.	
869	4.7761	8.	0.	
870	4.7761	8.2	0.	
871	4.7761	8.4	0.	
872	4.7761	8.6	0.	
873	4.7761	8.8	0.	
874	4.7761	9.	0.	
875	4.7761	9.2	0.	
876	4.7761	9.4	0.	
877	4.7761	9.6	0.	
878	4.7761	9.8	0.	
879	5.059	0.2	0.	
880	5.0629	0.4	0.	
881	5.0668	0.6	0.	
882	5.0707	0.8	0.	
883	5.0746	1.	0.	
884	5.0746	1.2	0.	
885	5.0746	1.4	0.	
886	5.0746	1.6	0.	
887	5.0746	1.8	0.	
888	5.0746	2.	0.	
889	5.0746	2.2	0.	
890	5.0746	2.4	0.	
891	5.0746	2.6	0.	
892	5.0746	2.8	0.	
893	5.0746	3.	0.	
894	5.0746	3.2	0.	
895	5.0746	3.4	0.	
896	5.0746	3.6	0.	
897	5.0746	3.8	0.	
898	5.0746	4.	0.	
899	5.0746	4.2	0.	
900	5.0746	4.4	0.	
901	5.0746	4.6	0.	
902	5.0746	4.8	0.	
903	5.0746	5.	0.	
904	5.0746	5.2	0.	
905	5.0746	5.4	0.	
906	5.0746	5.6	0.	
907	5.0746	5.8	0.	
908	5.0746	6.	0.	
909	5.0746	6.2	0.	
910	5.0746	6.4	0.	
911	5.0746	6.6	0.	
912	5.0746	6.8	0.	
913	5.0746	7.	0.	
914	5.0746	7.2	0.	
915	5.0746	7.4	0.	
916	5.0746	7.6	0.	
917	5.0746	7.8	0.	
918	5.0746	8.	0.	
919	5.0746	8.2	0.	
920	5.0746	8.4	0.	
921	5.0746	8.6	0.	
922	5.0746	8.8	0.	
923	5.0746	9.	0.	
924	5.0746	9.2	0.	
925	5.0746	9.4	0.	
926	5.0746	9.6	0.	
927	5.0746	9.8	0.	
928	5.3566	0.2	0.	
929	5.3607	0.4	0.	
930	5.3649	0.6	0.	
931	5.369	0.8	0.	
932	5.3731	1.	0.	
933	5.3731	1.2	0.	
934	5.3731	1.4	0.	
935	5.3731	1.6	0.	
936	5.3731	1.8	0.	
937	5.3731	2.	0.	
938	5.3731	2.2	0.	
939	5.3731	2.4	0.	
940	5.3731	2.6	0.	
941	5.3731	2.8	0.	
942	5.3731	3.	0.	
943	5.3731	3.2	0.	
944	5.3731	3.4	0.	
945	5.3731	3.6	0.	
946	5.3731	3.8	0.	
947	5.3731	4.	0.	
948	5.3731	4.2	0.	
949	5.3731	4.4	0.	
950	5.3731	4.6	0.	
951	5.3731	4.8	0.	
952	5.3731	5.	0.	
953	5.3731	5.2	0.	
954	5.3731	5.4	0.	
955	5.3731	5.6	0.	
956	5.3731	5.8	0.	
957	5.3731	6.	0.	
958	5.3731	6.2	0.	
959	5.3731	6.4	0.	
960	5.3731	6.6	0.	
961	5.3731	6.8	0.	
962	5.3731	7.	0.	
963	5.3731	7.2	0.	
964	5.3731	7.4	0.	
965	5.3731	7.6	0.	
966	5.3731	7.8	0.	
967	5.3731	8.	0.	
968	5.3731	8.2	0.	
969	5.3731	8.4	0.	
970	5.3731	8.6	0.	
971	5.3731	8.8	0.	
972	5.3731	9.	0.	
973	5.3731	9.2	0.	
974	5.3731	9.4	0.	
975	5.3731	9.6	0.	
976	5.3731	9.8	0.	
977	5.6542	0.2	0.	
978	5.6586	0.4	0.	
979	5.6629	0.6	0.	
980	5.6673	0.8	0.	
981	5.6716	1.	0.	
982	5.6716	1.2	0.	
983	5.6716	1.4	0.	
984	5.6716	1.6	0.	
985	5.6716	1.8	0.	
986	5.6716	2.	0.	
987	5.6716	2.2	0.	
988	5.6716	2.4	0.	
989	5.6716	2.6	0.	
990	5.6716	2.8	0.	
991	5.6716	3.	0.	
992	5.6716	3.2	0.	
993	5.6716	3.4	0.	
994	5.6716	3.6	0.	
995	5.6716	3.8	0.	
996	5.6716	4.	0.	
997	5.6716	4.2	0.	
998	5.6716	4.4	0.	
999	5.6716	4.6	0.	
1000	5.6716	4.8	0.	
1001	5.6716	5.	0.	
1002	5.6716	5.2	0.	
1003	5.6716	5.4	0.	
1004	5.6716	5.6	0.	
1005	5.6716	5.8	0.	
1006	5.6716	6.	0.	
1007	5.6716	6.2	0.	
1008	5.6716	6.4	0.	
1009	5.6716	6.6	0.	
1010	5.6716	6.8	0.	
1011	5.6716	7.	0.	
1012	5.6716	7.2	0.	
1013	5.6716	7.4	0.	
1014	5.6716	7.6	0.	
1015	5.6716	7.8	0.	
1016	5.6716	8.	0.	
1017	5.6716	8.2	0.	
1018	5.6716	8.4	0.	
1019	5.6716	8.6	0.	
1020	5.6716	8.8	0.	
1021	5.6716	9.	0.	
1022	5.6716	9.2	0.	
1023	5.6716	9.4	0.	
1024	5.6716	9.6	0.	
1025	5.6716	9.8	0.	
1026	5.9518	0.2	0.	
1027	5.9564	0.4	0.	
1028	5.961	0.6	0.	
1029	5.9656	0.8	0.	
1030	5.9701	1.	0.	
1031	5.9701	1.2	0.	
1032	5.9701	1.4	0.	
1033	5.9701	1.6	0.	
1034	5.9701	1.8	0.	
1035	5.9701	2.	0.	
1036	5.9701	2.2	0.	
1037	5.9701	2.4	0.	
1038	5.9701	2.6	0.	
1039	5.9701	2.8	0.	
1040	5.9701	3.	0.	
1041	5.9701	3.2	0.	
1042	5.9701	3.4	0.	
1043	5.9701	3.6	0.	
1044	5.9701	3.8	0.	
1045	5.9701	4.	0.	
1046	5.9701	4.2	0.	
1047	5.9701	4.4	0.	
1048	5.9701	4.6	0.	
1049	5.9701	4.8	0.	
1050	5.9701	5.	0.	
1051	5.9701	5.2	0.	
1052	5.9701	5.4	0.	
1053	5.9701	5.6	0.	
1054	5.9701	5.8	0.	
1055	5.9701	6.	0.	
1056	5.9701	6.2	0.	
1057	5.9701	6.4	0.	
1058	5.9701	6.6	0.	
1059	5.9701	6.8	0.	
1060	5.9701	7.	0.	
1061	5.9701	7.2	0.	
1062	5.9701	7.4	0.	
1063	5.9701	7.6	0.	
1064	5.9701	7.8	0.	
1065	5.9701	8.	0.	
1066	5.9701	8.2	0.	
1067	5.9701	8.4	0.	
1068	5.9701	8.6	0.	
1069	5.9701	8.8	0.	
1070	5.9701	9.	0.	
1071	5.9701	9.2	0.	
1072	5.9701	9.4	0.	
1073	5.9701	9.6	0.	
1074	5.9701	9.8	0.	
1075	6.2494	0.2	0.	
1076	6.2542	0.4	0.	
1077	6.259	0.6	0.	
1078	6.2638	0.8	0.	
1079	6.2687	1.	0.	
1080	6.2687	1.2	0.	
1081	6.2687	1.4	0.	
1082	6.2687	1.6	0.	
1083	6.2687	1.8	0.	
1084	6.2687	2.	0.	
1085	6.2687	2.2	0.	
1086	6.2687	2.4	0.	
1087	6.2687	2.6	0.	
1088	6.2687	2.8	0.	
1089	6.2687	3.	0.	
1090	6.2687	3.2	0.	
1091	6.2687	3.4	0.	
1092	6.2687	3.6	0.	
1093	6.2687	3.8	0.	
1094	6.2687	4.	0.	
1095	6.2687	4.2	0.	
1096	6.2687	4.4	0.	
1097	6.2687	4.6	0.	
1098	6.2687	4.8	0.	
1099	6.2687	5.	0.	
1100	6.2687	5.2	0.	
1101	6.2687	5.4	0.	
1102	6.2687	5.6	0.	
1103	6.2687	5.8	0.	
1104	6.2687	6.	0.	
1105	6.2687	6.2	0.	
1106	6.2687	6.4	0.	
1107	6.2687	6.6	0.	
1108	6.2687	6.8	0.	
1109	6.2687	7.	0.	
1110	6.2687	7.2	0.	
1111	6.2687	7.4	0.	
1112	6.2687	7.6	0.	
1113	6.2687	7.8	0.	
1114	6.2687	8.	0.	
1115	6.2687	8.2	0.	
1116	6.2687	8.4	0.	
1117	6.2687	8.6	0.	
1118	6.2687	8.8	0.	
1119	6.2687	9.	0.	
1120	6.2687	9.2	0.	
1121	6.2687	9.4	0.	
1122	6.2687	9.6	0.	
1123	6.2687	9.8	0.	
1124	6.547	0.2	0.	
1125	6.552	0.4	0.	
1126	6.5571	0.6	0.	
1127	6.5621	0.8	0.	
1128	6.5672	1.	0.	
1129	6.5672	1.2	0.	
1130	6.5672	1.4	0.	
1131	6.5672	1.6	0.	
1132	6.5672	1.8	0.	
1133	6.5672	2.	0.	
1134	6.5672	2.2	0.	
1135	6.5672	2.4	0.	
1136	6.5672	2.6	0.	
1137	6.5672	2.8	0.	
1138	6.5672	3.	0.	
1139	6.5672	3.2	0.	
1140	6.5672	3.4	0.	
1141	6.5672	3.6	0.	
1142	6.5672	3.8	0.	
1143	6.5672	4.	0.	
1144	6.5672	4.2	0.	
1145	6.5672	4.4	0.	
1146	6.5672	4.6	0.	
1147	6.5672	4.8	0.	
1148	6.5672	5.	0.	
1149	6.5672	5.2	0.	
1150	6.5672	5.4	0.	
1151	6.5672	5.6	0.	
1152	6.5672	5.8	0.	
1153	6.5672	6.	0.	
1154	6.5672	6.2	0.	
1155	6.5672	6.4	0.	
1156	6.5672	6.6	0.	
1157	6.5672	6.8	0.	
1158	6.5672	7.	0.	
1159	6.5672	7.2	0.	
1160	6.5672	7.4	0.	
1161	6.5672	7.6	0.	
1162	6.5672	7.8	0.	
1163	6.5672	8.	0.	
1164	6.5672	8.2	0.	
1165	6.5672	8.4	0.	
1166	6.5672	8.6	0.	
1167	6.5672	8.8	0.	
1168	6.5672	9.	0.	
1169	6.5672	9.2	0.	
1170	6.5672	9.4	0.	
1171	6.5672	9.6	0.	
1172	6.5672	9.8	0.	
1173	6.8446	0.2	0.	
1174	6.8498	0.4	0.	
1175	6.8551	0.6	0.	
1176	6.8604	0.8	0.	
1177	6.8657	1.	0.	
1178	6.8657	1.2	0.	
1179	6.8657	1.4	0.	
1180	6.8657	1.6	0.	
1181	6.8657	1.8	0.	
1182	6.8657	2.	0.	
1183	6.8657	2.2	0.	
1184	6.8657	2.4	0.	
1185	6.8657	2.6	0.	
1186	6.8657	2.8	0.	
1187	6.8657	3.	0.	
1188	6.8657	3.2	0.	
1189	6.8657	3.4	0.	
1190	6.8657	3.6	0.	
1191	6.8657	3.8	0.	
1192	6.8657	4.	0.	
1193	6.8657	4.2	0.	
1194	6.8657	4.4	0.	
1195	6.8657	4.6	0.	
1196	6.8657	4.8	0.	
1197	6.8657	5.	0.	
1198	6.8657	5.2	0.	
1199	6.8657	5.4	0.	
1200	6.8657	5.6	0.	
1201	6.8657	5.8	0.	
1202	6.8657	6.	0.	
1203	6.8657	6.2	0.	
1204	6.8657	6.4	0.	
1205	6.8657	6.6	0.	
1206	6.8657	6.8	0.	
1207	6.8657	7.	0.	
1208	6.8657	7.2	0.	
1209	6.8657	7.4	0.	
1210	6.8657	7.6	0.	
1211	6.8657	7.8	0.	
1212	6.8657	8.	0.	
1213	6.8657	8.2	0.	
1214	6.8657	8.4	0.	
1215	6.8657	8.6	0.	
1216	6.8657	8.8	0.	
1217	6.8657	9.	0.	
1218	6.8657	9.2	0.	
1219	6.8657	9.4	0.	
1220	6.8657	9.6	0.	
1221	6.8657	9.8	0.	
1222	7.1421	0.2	0.	
1223	7.1477	0.4	0.	
1224	7.1532	0.6	0.	
1225	7.1587	0.8	0.	
1226	7.1642	1.	0.	
1227	7.1642	1.2	0.	
1228	7.1642	1.4	0.	
1229	7.1642	1.6	0.	
1230	7.1642	1.8	0.	
1231	7.1642	2.	0.	
1232	7.1642	2.2	0.	
1233	7.1642	2.4	0.	
1234	7.1642	2.6	0.	
1235	7.1642	2.8	0.	
1236	7.1642	3.	0.	
1237	7.1642	3.2	0.	
1238	7.1642	3.4	0.	
1239	7.1642	3.6	0.	
1240	7.1642	3.8	0.	
1241	7.1642	4.	0.	
1242	7.1642	4.2	0.	
1243	7.1642	4.4	0.	
1244	7.1642	4.6	0.	
1245	7.1642	4.8	0.	
1246	7.1642	5.	0.	
1247	7.1642	5.2	0.	
1248	7.1642	5.4	0.	
1249	7.1642	5.6	0.	
1250	7.1642	5.8	0.	
1251	7.1642	6.	0.	
1252	7.1642	6.2	0.	
1253	7.1642	6.4	0.	
1254	7.1642	6.6	0.	
1255	7.1642	6.8	0.	
1256	7.1642	7.	0.	
1257	7.1642	7.2	0.	
1258	7.1642	7.4	0.	
1259	7.1642	7.6	0.	
1260	7.1642	7.8	0.	
1261	7.1642	8.	0.	
1262	7.1642	8.2	0.	
1263	7.1642	8.4	0.	
1264	7.1642	8.6	0.	
1265	7.1642	8.8	0.	
1266	7.1642	9.	0.	
1267	7.1642	9.2	0.	
1268	7.1642	9.4	0.	
1269	7.1642	9.6	0.	
1270	7.1642	9.8	0.	
1271	7.4397	0.2	0.	
1272	7.4455	0.4	0.	
1273	7.4512	0.6	0.	
1274	7.4569	0.8	0.	
1275	7.4627	1.	0.	
1276	7.4627	1.2	0.	
1277	7.4627	1.4	0.	
1278	7.4627	1.6	0.	
1279	7.4627	1.8	0.	
1280	7.4627	2.	0.	
1281	7.4627	2.2	0.	
1282	7.4627	2.4	0.	
1283	7.4627	2.6	0.	
1284	7.4627	2.8	0.	
1285	7.4627	3.	0.	
1286	7.4627	3.2	0.	
1287	7.4627	3.4	0.	
1288	7.4627	3.6	0.	
1289	7.4627	3.8	0.	
1290	7.4627	4.	0.	
1291	7.4627	4.2	0.	
1292	7.4627	4.4	0.	
1293	7.4627	4.6	0.	
1294	7.4627	4.8	0.	
1295	7.4627	5.	0.	
1296	7.4627	5.2	0.	
1297	7.4627	5.4	0.	
1298	7.4627	5.6	0.	
1299	7.4627	5.8	0.	
1300	7.4627	6.	0.	
1301	7.4627	6.2	0.	
1302	7.4627	6.4	0.	
1303	7.4627	6.6	0.	
1304	7.4627	6.8	0.	
1305	7.4627	7.	0.	
1306	7.4627	7.2	0.	
1307	7.4627	7.4	0.	
1308	7.4627	7.6	0.	
1309	7.4627	7.8	0.	
1310	7.4627	8.	0.	
1311	7.4627	8.2	0.	
1312	7.4627	8.4	0.	
1313	7.4627	8.6	0.	
1314	7.4627	8.8	0.	
1315	7.4627	9.	0.	
1316	7.4627	9.2	0.	
1317	7.4627	9.4	0.	
1318	7.4627	9.6	0.	
1319	7.4627	9.8	0.	
1320	7.7373	0.2	0.	
1321	7.7433	0.4	0.	
1322	7.7493	0.6	0.	
1323	7.7552	0.8	0.	
1324	7.7612	1.	0.	
1325	7.7612	1.2	0.	
1326	7.7612	1.4	0.	
1327	7.7612	1.6	0.	
1328	7.7612	1.8	0.	
1329	7.7612	2.	0.	
1330	7.7612	2.2	0.	
1331	7.7612	2.4	0.	
1332	7.7612	2.6	0.	
1333	7.7612	2.8	0.	
1334	7.7612	3.	0.	
1335	7.7612	3.2	0.	
1336	7.7612	3.4	0.	
1337	7.7612	3.6	0.	
1338	7.7612	3.8	0.	
1339	7.7612	4.	0.	
1340	7.7612	4.2	0.	
1341	7.7612	4.4	0.	
1342	7.7612	4.6	0.	
1343	7.7612	4.8	0.	
1344	7.7612	5.	0.	
1345	7.7612	5.2	0.	
1346	7.7612	5.4	0.	
1347	7.7612	5.6	0.	
1348	7.7612	5.8	0.	
1349	7.7612	6.	0.	
1350	7.7612	6.2	0.	
1351	7.7612	6.4	0.	
1352	7.7612	6.6	0.	
1353	7.7612	6.8	0.	
1354	7.7612	7.	0.	
1355	7.7612	7.2	0.	
1356	7.7612	7.4	0.	
1357	7.7612	7.6	0.	
1358	7.7612	7.8	0.	
1359	7.7612	8.	0.	
1360	7.7612	8.2	0.	
1361	7.7612	8.4	0.	
1362	7.7612	8.6	0.	
1363	7.7612	8.8	0.	
1364	7.7612	9.	0.	
1365	7.7612	9.2	0.	
1366	7.7612	9.4	0.	
1367	7.7612	9.6	0.	
1368	7.7612	9.8	0.	
1369	8.0349	0.2	0.	
1370	8.0411	0.4	0.	
1371	8.0473	0.6	0.	
1372	8.0535	0.8	0.	
1373	8.0597	1.	0.	
1374	8.0597	1.2	0.	
1375	8.0597	1.4	0.	
1376	8.0597	1.6	0.	
1377	8.0597	1.8	0.	
1378	8.0597	2.	0.	
1379	8.0597	2.2	0.	
1380	8.0597	2.4	0.	
1381	8.0597	2.6	0.	
1382	8.0597	2.8	0.	
1383	8.0597	3.	0.	
1384	8.0597	3.2	0.	
1385	8.0597	3.4	0.	
1386	8.0597	3.6	0.	
1387	8.0597	3.8	0.	
1388	8.0597	4.	0.	
1389	8.0597	4.2	0.	
1390	8.0597	4.4	0.	
1391	8.0597	4.6	0.	
1392	8.0597	4.8	0.	
1393	8.0597	5.	0.	
1394	8.0597	5.2	0.	
1395	8.0597	5.4	0.	
1396	8.0597	5.6	0.	
1397	8.0597	5.8	0.	
1398	8.0597	6.	0.	
1399	8.0597	6.2	0.	
1400	8.0597	6.4	0.	
1401	8.0597	6.6	0.	
1402	8.0597	6.8	0.	
1403	8.0597	7.	0.	
1404	8.0597	7.2	0.	
1405	8.0597	7.4	0.	
1406	8.0597	7.6	0.	
1407	8.0597	7.8	0.	
1408	8.0597	8.	0.	
1409	8.0597	8.2	0.	
1410	8.0597	8.4	0.	
1411	8.0597	8.6	0.	
1412	8.0597	8.8	0.	
1413	8.0597	9.	0.	
1414	8.0597	9.2	0.	
1415	8.0597	9.4	0.	
1416	8.0597	9.6	0.	
1417	8.0597	9.8	0.	
1418	8.3325	0.2	0.	
1419	8.3389	0.4	0.	
1420	8.3454	0.6	0.	
1421	8.3518	0.8	0.	
1422	8.3582	1.	0.	
1423	8.3582	1.2	0.	
1424	8.3582	1.4	0.	
1425	8.3582	1.6	0.	
1426	8.3582	1.8	0.	
1427	8.3582	2.	0.	
1428	8.3582	2.2	0.	
1429	8.3582	2.4	0.	
1430	8.3582	2.6	0.	
1431	8.3582	2.8	0.	
1432	8.3582	3.	0.	
1433	8.3582	3.2	0.	
1434	8.3582	3.4	0.	
1435	8.3582	3.6	0.	
1436	8.3582	3.8	0.	
1437	8.3582	4.	0.	
1438	8.3582	4.2	0.	
1439	8.3582	4.4	0.	
1440	8.3582	4.6	0.	
1441	8.3582	4.8	0.	
1442	8.3582	5.	0.	
1443	8.3582	5.2	0.	
1444	8.3582	5.4	0.	
1445	8.3582	5.6	0.	
1446	8.3582	5.8	0.	
1447	8.3582	6.	0.	
1448	8.3582	6.2	0.	
1449	8.3582	6.4	0.	
1450	8.3582	6.6	0.	
1451	8.3582	6.8	0.	
1452	8.3582	7.	0.	
1453	8.3582	7.2	0.	
1454	8.3582	7.4	0.	
1455	8.3582	7.6	0.	
1456	8.3582	7.8	0.	
1457	8.3582	8.	0.	
1458	8.3582	8.2	0.	
1459	8.3582	8.4	0.	
1460	8.3582	8.6	0.	
1461	8.3582	8.8	0.	
1462	8.3582	9.	0.	
1463	8.3582	9.2	0.	
1464	8.3582	9.4	0.	
1465	8.3582	9.6	0.	
1466	8.3582	9.8	0.	
1467	8.6301	0.2	0.	
1468	8.6368	0.4	0.	
1469	8.6434	0.6	0.	
1470	8.6501	0.8	0.	
1471	8.6567	1.	0.	
1472	8.6567	1.2	0.	
1473	8.6567	1.4	0.	
1474	8.6567	1.6	0.	
1475	8.6567	1.8	0.	
1476	8.6567	2.	0.	
1477	8.6567	2.2	0.	
1478	8.6567	2.4	0.	
1479	8.6567	2.6	0.	
1480	8.6567	2.8	0.	
1481	8.6567	3.	0.	
1482	8.6567	3.2	0.	
1483	8.6567	3.4	0.	
1484	8.6567	3.6	0.	
1485	8.6567	3.8	0.	
1486	8.6567	4.	0.	
1487	8.6567	4.2	0.	
1488	8.6567	4.4	0.	
1489	8.6567	4.6	0.	
1490	8.6567	4.8	0.	
1491	8.6567	5.	0.	
1492	8.6567	5.2	0.	
1493	8.6567	5.4	0.	
1494	8.6567	5.6	0.	
1495	8.6567	5.8	0.	
1496	8.6567	6.	0.	
1497	8.6567	6.2	0.	
1498	8.6567	6.4	0.	
1499	8.6567	6.6	0.	
1500	8.6567	6.8	0.	
1501	8.6567	7.	0.	
1502	8.6567	7.2	0.	
1503	8.6567	7.4	0.	
1504	8.6567	7.6	0.	
1505	8.6567	7.8	0.	
1506	8.6567	8.	0.	
1507	8.6567	8.2	0.	
1508	8.6567	8.4	0.	
1509	8.6567	8.6	0.	
1510	8.6567	8.8	0.	
1511	8.6567	9.	0.	
1512	8.6567	9.2	0.	
1513	8.6567	9.4	0.	
1514	8.6567	9.6	0.	
1515	8.6567	9.8	0.	
1516	8.9277	0.2	0.	
1517	8.9346	0.4	0.	
1518	8.9415	0.6	0.	
1519	8.9483	0.8	0.	
1520	8.9552	1.	0.	
1521	8.9552	1.2	0.	
1522	8.9552	1.4	0.	
1523	8.9552	1.6	0.	
1524	8.9552	1.8	0.	
1525	8.9552	2.	0.	
1526	8.9552	2.2	0.	
1527	8.9552	2.4	0.	
1528	8.9552	2.6	0.	
1529	8.9552	2.8	0.	
1530	8.9552	3.	0.	
1531	8.9552	3.2	0.	
1532	8.9552	3.4	0.	
1533	8.9552	3.6	0.	
1534	8.9552	3.8	0.	
1535	8.9552	4.	0.	
1536	8.9552	4.2	0.	
1537	8.9552	4.4	0.	
1538	8.9552	4.6	0.	
1539	8.9552	4.8	0.	
1540	8.9552	5.	0.	
1541	8.9552	5.2	0.	
1542	8.9552	5.4	0.	
1543	8.9552	5.6	0.	
1544	8.9552	5.8	0.	
1545	8.9552	6.	0.	
1546	8.9552	6.2	0.	
1547	8.9552	6.4	0.	
1548	8.9552	6.6	0.	
1549	8.9552	6.8	0.	
1550	8.9552	7.	0.	
1551	8.9552	7.2	0.	
1552	8.9552	7.4	0.	
1553	8.9552	7.6	0.	
1554	8.9552	7.8	0.	
1555	8.9552	8.	0.	
1556	8.9552	8.2	0.	
1557	8.9552	8.4	0.	
1558	8.9552	8.6	0.	
1559	8.9552	8.8	0.	
1560	8.9552	9.	0.	
1561	8.9552	9.2	0.	
1562	8.9552	9.4	0.	
1563	8.9552	9.6	0.	
1564	8.9552	9.8	0.	
1565	9.2253	0.2	0.	
1566	9.2324	0.4	0.	
1567	9.2395	0.6	0.	
1568	9.2466	0.8	0.	
1569	9.2537	1.	0.	
1570	9.2537	1.2	0.	
1571	9.2537	1.4	0.	
1572	9.2537	1.6	0.	
1573	9.2537	1.8	0.	
1574	9.2537	2.	0.	
1575	9.2537	2.2	0.	
1576	9.2537	2.4	0.	
1577	9.2537	2.6	0.	
1578	9.2537	2.8	0.	
1579	9.2537	3.	0.	
1580	9.2537	3.2	0.	
1581	9.2537	3.4	0.	
1582	9.2537	3.6	0.	
1583	9.2537	3.8	0.	
1584	9.2537	4.	0.	
1585	9.2537	4.2	0.	
1586	9.2537	4.4	0.	
1587	9.2537	4.6	0.	
1588	9.2537	4.8	0.	
1589	9.2537	5.	0.	
1590	9.2537	5.2	0.	
1591	9.2537	5.4	0.	
1592	9.2537	5.6	0.	
1593	9.2537	5.8	0.	
1594	9.2537	6.	0.	
1595	9.2537	6.2	0.	
1596	9.2537	6.4	0.	
1597	9.2537	6.6	0.	
1598	9.2537	6.8	0.	
1599	9.2537	7.	0.	
1600	9.2537	7.2	0.	
1601	9.2537	7.4	0.	
1602	9.2537	7.6	0.	
1603	9.2537	7.8	0.	
1604	9.2537	8.	0.	
1605	9.2537	8.2	0.	
1606	9.2537	8.4	0.	
1607	9.2537	8.6	0.	
1608	9.2537	8.8	0.	
1609	9.2537	9.	0.	
1610	9.2537	9.2	0.	
1611	9.2537	9.4	0.	
1612	9.2537	9.6	0.	
1613	9.2537	9.8	0.	
1614	9.5229	0.2	0.	
1615	9.5302	0.4	0.	
1616	9.5376	0.6	0.	
1617	9.5449	0.8	0.	
1618	9.5522	1.	0.	
1619	9.5522	1.2	0.	
1620	9.5522	1.4	0.	
1621	9.5522	1.6	0.	
1622	9.5522	1.8	0.	
1623	9.5522	2.	0.	
1624	9.5522	2.2	0.	
1625	9.5522	2.4	0.	
1626	9.5522	2.6	0.	
1627	9.5522	2.8	0.	
1628	9.5522	3.	0.	
1629	9.5522	3.2	0.	
1630	9.5522	3.4	0.	
1631	9.5522	3.6	0.	
1632	9.5522	3.8	0.	
1633	9.5522	4.	0.	
1634	9.5522	4.2	0.	
1635	9.5522	4.4	0.	
1636	9.5522	4.6	0.	
1637	9.5522	4.8	0.	
1638	9.5522	5.	0.	
1639	9.5522	5.2	0.	
1640	9.5522	5.4	0.	
1641	9.5522	5.6	0.	
1642	9.5522	5.8	0.	
1643	9.5522	6.	0.	
1644	9.5522	6.2	0.	
1645	9.5522	6.4	0.	
1646	9.5522	6.6	0.	
1647	9.5522	6.8	0.	
1648	9.5522	7.	0.	
1649	9.5522	7.2	0.	
1650	9.5522	7.4	0.	
1651	9.5522	7.6	0.	
1652	9.5522	7.8	0.	
1653	9.5522	8.	0.	
1654	9.5522	8.2	0.	
1655	9.5522	8.4	0.	
1656	9.5522	8.6	0.	
1657	9.5522	8.8	0.	
1658	9.5522	9.	0.	
1659	9.5522	9.2	0.	
1660	9.5522	9.4	0.	
1661	9.5522	9.6	0.	
1662	9.5522	9.8	0.	
1663	9.8205	0.2	0.	
1664	9.828	0.4	0.	
1665	9.8356	0.6	0.	
1666	9.8432	0.8	0.	
1667	9.8507	1.	0.	
1668	9.8507	1.2	0.	
1669	9.8507	1.4	0.	
1670	9.8507	1.6	0.	
1671	9.8507	1.8	0.	
1672	9.8507	2.	0.	
1673	9.8507	2.2	0.	
1674	9.8507	2.4	0.	
1675	9.8507	2.6	0.	
1676	9.8507	2.8	0.	
1677	9.8507	3.	0.	
1678	9.8507	3.2	0.	
1679	9.8507	3.4	0.	
1680	9.8507	3.6	0.	
1681	9.8507	3.8	0.	
1682	9.8507	4.	0.	
1683	9.8507	4.2	0.	
1684	9.8507	4.4	0.	
1685	9.8507	4.6	0.	
1686	9.8507	4.8	0.	
1687	9.8507	5.	0.	
1688	9.8507	5.2	0.	
1689	9.8507	5.4	0.	
1690	9.8507	5.6	0.	
1691	9.8507	5.8	0.	
1692	9.8507	6.	0.	
1693	9.8507	6.2	0.	
1694	9.8507	6.4	0.	
1695	9.8507	6.6	0.	
1696	9.8507	6.8	0.	
1697	9.8507	7.	0.	
1698	9.8507	7.2	0.	
1699	9.8507	7.4	0.	
1700	9.8507	7.6	0.	
1701	9.8507	7.8	0.	
1702	9.8507	8.	0.	
1703	9.8507	8.2	0.	
1704	9.8507	8.4	0.	
1705	9.8507	8.6	0.	
1706	9.8507	8.8	0.	
1707	9.8507	9.	0.	
1708	9.8507	9.2	0.	
1709	9.8507	9.4	0.	
1710	9.8507	9.6	0.	
1711	9.8507	9.8	0.	
1712	10.118	0.2	0.	
1713	10.126	0.4	0.	
1714	10.134	0.6	0.	
1715	10.141	0.8	0.	
1716	10.149	1.	0.	
1717	10.149	1.2	0.	
1718	10.149	1.4	0.	
1719	10.149	1.6	0.	
1720	10.149	1.8	0.	
1721	10.149	2.	0.	
1722	10.149	2.2	0.	
1723	10.149	2.4	0.	
1724	10.149	2.6	0.	
1725	10.149	2.8	0.	
1726	10.149	3.	0.	
1727	10.149	3.2	0.	
1728	10.149	3.4	0.	
1729	10.149	3.6	0.	
1730	10.149	3.8	0.	
1731	10.149	4.	0.	
1732	10.149	4.2	0.	
1733	10.149	4.4	0.	
1734	10.149	4.6	0.	
1735	10.149	4.8	0.	
1736	10.149	5.	0.	
1737	10.149	5.2	0.	
1738	10.149	5.4	0.	
1739	10.149	5.6	0.	
1740	10.149	5.8	0.	
1741	10.149	6.	0.	
1742	10.149	6.2	0.	
1743	10.149	6.4	0.	
1744	10.149	6.6	0.	
1745	10.149	6.8	0.	
1746	10.149	7.	0.	
1747	10.149	7.2	0.	
1748	10.149	7.4	0.	
1749	10.149	7.6	0.	
1750	10.149	7.8	0.	
1751	10.149	8.	0.	
1752	10.149	8.2	0.	
1753	10.149	8.4	0.	
1754	10.149	8.6	0.	
1755	10.149	8.8	0.	
1756	10.149	9.	0.	
1757	10.149	9.2	0.	
1758	10.149	9.4	0.	
1759	10.149	9.6	0.	
1760	10.149	9.8	0.	
1761	10.416	0.2	0.	
1762	10.424	0.4	0.	
1763	10.432	0.6	0.	
1764	10.44	0.8	0.	
1765	10.448	1.	0.	
1766	10.448	1.2	0.	
1767	10.448	1.4	0.	
1768	10.448	1.6	0.	
1769	10.448	1.8	0.	
1770	10.448	2.	0.	
1771	10.448	2.2	0.	
1772	10.448	2.4	0.	
1773	10.448	2.6	0.	
1774	10.448	2.8	0.	
1775	10.448	3.	0.	
1776	10.448	3.2	0.	
1777	10.448	3.4	0.	
1778	10.448	3.6	0.	
1779	10.448	3.8	0.	
1780	10.448	4.	0.	
1781	10.448	4.2	0.	
1782	10.448	4.4	0.	
1783	10.448	4.6	0.	
1784	10.448	4.8	0.	
1785	10.448	5.	0.	
1786	10.448	5.2	0.	
1787	10.448	5.4	0.	
1788	10.448	5.6	0.	
1789	10.448	5.8	0.	
1790	10.448	6.	0.	
1791	10.448	6.2	0.	
1792	10.448	6.4	0.	
1793	10.448	6.6	0.	
1794	10.448	6.8	0.	
1795	10.448	7.	0.	
1796	10.448	7.2	0.	
1797	10.448	7.4	0.	
1798	10.448	7.6	0.	
1799	10.448	7.8	0.	
1800	10.448	8.	0.	
1801	10.448	8.2	0.	
1802	10.448	8.4	0.	
1803	10.448	8.6	0.	
1804	10.448	8.8	0.	
1805	10.448	9.	0.	
1806	10.448	9.2	0.	
1807	10.448	9.4	0.	
1808	10.448	9.6	0.	
1809	10.448	9.8	0.	
1810	10.713	0.2	0.	
1811	10.721	0.4	0.	
1812	10.73	0.6	0.	
1813	10.738	0.8	0.	
1814	10.746	1.	0.	
1815	10.746	1.2	0.	
1816	10.746	1.4	0.	
1817	10.746	1.6	0.	
1818	10.746	1.8	0.	
1819	10.746	2.	0.	
1820	10.746	2.2	0.	
1821	10.746	2.4	0.	
1822	10.746	2.6	0.	
1823	10.746	2.8	0.	
1824	10.746	3.	0.	
1825	10.746	3.2	0.	
1826	10.746	3.4	0.	
1827	10.746	3.6	0.	
1828	10.746	3.8	0.	
1829	10.746	4.	0.	
1830	10.746	4.2	0.	
1831	10.746	4.4	0.	
1832	10.746	4.6	0.	
1833	10.746	4.8	0.	
1834	10.746	5.	0.	
1835	10.746	5.2	0.	
1836	10.746	5.4	0.	
1837	10.746	5.6	0.	
1838	10.746	5.8	0.	
1839	10.746	6.	0.	
1840	10.746	6.2	0.	
1841	10.746	6.4	0.	
1842	10.746	6.6	0.	
1843	10.746	6.8	0.	
1844	10.746	7.	0.	
1845	10.746	7.2	0.	
1846	10.746	7.4	0.	
1847	10.746	7.6	0.	
1848	10.746	7.8	0.	
1849	10.746	8.	0.	
1850	10.746	8.2	0.	
1851	10.746	8.4	0.	
1852	10.746	8.6	0.	
1853	10.746	8.8	0.	
1854	10.746	9.	0.	
1855	10.746	9.2	0.	
1856	10.746	9.4	0.	
1857	10.746	9.6	0.	
1858	10.746	9.8	0.	
1859	11.011	0.2	0.	
1860	11.019	0.4	0.	
1861	11.028	0.6	0.	
1862	11.036	0.8	0.	
1863	11.045	1.	0.	
1864	11.045	1.2	0.	
1865	11.045	1.4	0.	
1866	11.045	1.6	0.	
1867	11.045	1.8	0.	
1868	11.045	2.	0.	
1869	11.045	2.2	0.	
1870	11.045	2.4	0.	
1871	11.045	2.6	0.	
1872	11.045	2.8	0.	
1873	11.045	3.	0.	
1874	11.045	3.2	0.	
1875	11.045	3.4	0.	
1876	11.045	3.6	0.	
1877	11.045	3.8	0.	
1878	11.045	4.	0.	
1879	11.045	4.2	0.	
1880	11.045	4.4	0.	
1881	11.045	4.6	0.	
1882	11.045	4.8	0.	
1883	11.045	5.	0.	
1884	11.045	5.2	0.	
1885	11.045	5.4	0.	
1886	11.045	5.6	0.	
1887	11.045	5.8	0.	
1888	11.045	6.	0.	
1889	11.045	6.2	0.	
1890	11.045	6.4	0.	
1891	11.045	6.6	0.	
1892	11.045	6.8	0.	
1893	11.045	7.	0.	
1894	11.045	7.2	0.	
1895	11.045	7.4	0.	
1896	11.045	7.6	0.	
1897	11.045	7.8	0.	
1898	11.045	8.	0.	
1899	11.045	8.2	0.	
1900	11.045	8.4	0.	
1901	11.045	8.6	0.	
1902	11.045	8.8	0.	
1903	11.045	9.	0.	
1904	11.045	9.2	0.	
1905	11.045	9.4	0.	
1906	11.045	9.6	0.	
1907	11.045	9.8	0.	
1908	11.308	0.2	0.	
1909	11.317	0.4	0.	
1910	11.326	0.6	0.	
1911	11.335	0.8	0.	
1912	11.343	1.	0.	
1913	11.343	1.2	0.	
1914	11.343	1.4	0.	
1915	11.343	1.6	0.	
1916	11.343	1.8	0.	
1917	11.343	2.	0.	
1918	11.343	2.2	0.	
1919	11.343	2.4	0.	
1920	11.343	2.6	0.	
1921	11.343	2.8	0.	
1922	11.343	3.	0.	
1923	11.343	3.2	0.	
1924	11.343	3.4	0.	
1925	11.343	3.6	0.	
1926	11.343	3.8	0.	
1927	11.343	4.	0.	
1928	11.343	4.2	0.	
1929	11.343	4.4	0.	
1930	11.343	4.6	0.	
1931	11.343	4.8	0.	
1932	11.343	5.	0.	
1933	11.343	5.2	0.	
1934	11.343	5.4	0.	
1935	11.343	5.6	0.	
1936	11.343	5.8	0.	
1937	11.343	6.	0.	
1938	11.343	6.2	0.	
1939	11.343	6.4	0.	
1940	11.343	6.6	0.	
1941	11.343	6.8	0.	
1942	11.343	7.	0.	
1943	11.343	7.2	0.	
1944	11.343	7.4	0.	
1945	11.343	7.6	0.	
1946	11.343	7.8	0.	
1947	11.343	8.	0.	
1948	11.343	8.2	0.	
1949	11.343	8.4	0.	
1950	11.343	8.6	0.	
1951	11.343	8.8	0.	
1952	11.343	9.	0.	
1953	11.343	9.2	0.	
1954	11.343	9.4	0.	
1955	11.343	9.6	0.	
1956	11.343	9.8	0.	
1957	11.606	0.2	0.	
1958	11.615	0.4	0.	
1959	11.624	0.6	0.	
1960	11.633	0.8	0.	
1961	11.642	1.	0.	
1962	11.642	1.2	0.	
1963	11.642	1.4	0.	
1964	11.642	1.6	0.	
1965	11.642	1.8	0.	
1966	11.642	2.	0.	
1967	11.642	2.2	0.	
1968	11.642	2.4	0.	
1969	11.642	2.6	0.	
1970	11.642	2.8	0.	
1971	11.642	3.	0.	
1972	11.642	3.2	0.	
1973	11.642	3.4	0.	
1974	11.642	3.6	0.	
1975	11.642	3.8	0.	
1976	11.642	4.	0.	
1977	11.642	4.2	0.	
1978	11.642	4.4	0.	
1979	11.642	4.6	0.	
1980	11.642	4.8	0.	
1981	11.642	5.	0.	
1982	11.642	5.2	0.	
1983	11.642	5.4	0.	
1984	11.642	5.6	0.	
1985	11.642	5.8	0.	
1986	11.642	6.	0.	
1987	11.642	6.2	0.	
1988	11.642	6.4	0.	
1989	11.642	6.6	0.	
1990	11.642	6.8	0.	
1991	11.642	7.	0.	
1992	11.642	7.2	0.	
1993	11.642	7.4	0.	
1994	11.642	7.6	0.	
1995	11.642	7.8	0.	
1996	11.642	8.	0.	
1997	11.642	8.2	0.	
1998	11.642	8.4	0.	
1999	11.642	8.6	0.	
2000	11.642	8.8	0.	
2001	11.642	9.	0.	
2002	11.642	9.2	0.	
2003	11.642	9.4	0.	
2004	11.642	9.6	0.	
2005	11.642	9.8	0.	
2006	11.904	0.2	0.	
2007	11.913	0.4	0.	
2008	11.922	0.6	0.	
2009	11.931	0.8	0.	
2010	11.94	1.	0.	
2011	11.94	1.2	0.	
2012	11.94	1.4	0.	
2013	11.94	1.6	0.	
2014	11.94	1.8	0.	
2015	11.94	2.	0.	
2016	11.94	2.2	0.	
2017	11.94	2.4	0.	
2018	11.94	2.6	0.	
2019	11.94	2.8	0.	
2020	11.94	3.	0.	
2021	11.94	3.2	0.	
2022	11.94	3.4	0.	
2023	11.94	3.6	0.	
2024	11.94	3.8	0.	
2025	11.94	4.	0.	
2026	11.94	4.2	0.	
2027	11.94	4.4	0.	
2028	11.94	4.6	0.	
2029	11.94	4.8	0.	
2030	11.94	5.	0.	
2031	11.94	5.2	0.	
2032	11.94	5.4	0.	
2033	11.94	5.6	0.	
2034	11.94	5.8	0.	
2035	11.94	6.	0.	
2036	11.94	6.2	0.	
2037	11.94	6.4	0.	
2038	11.94	6.6	0.	
2039	11.94	6.8	0.	
2040	11.94	7.	0.	
2041	11.94	7.2	0.	
2042	11.94	7.4	0.	
2043	11.94	7.6	0.	
2044	11.94	7.8	0.	
2045	11.94	8.	0.	
2046	11.94	8.2	0.	
2047	11.94	8.4	0.	
2048	11.94	8.6	0.	
2049	11.94	8.8	0.	
2050	11.94	9.	0.	
2051	11.94	9.2	0.	
2052	11.94	9.4	0.	
2053	11.94	9.6	0.	
2054	11.94	9.8	0.	
2055	12.201	0.2	0.	
2056	12.211	0.4	0.	
2057	12.22	0.6	0.	
2058	12.229	0.8	0.	
2059	12.239	1.	0.	
2060	12.239	1.2	0.	
2061	12.239	1.4	0.	
2062	12.239	1.6	0.	
2063	12.239	1.8	0.	
2064	12.239	2.	0.	
2065	12.239	2.2	0.	
2066	12.239	2.4	0.	
2067	12.239	2.6	0.	
2068	12.239	2.8	0.	
2069	12.239	3.	0.	
2070	12.239	3.2	0.	
2071	12.239	3.4	0.	
2072	12.239	3.6	0.	
2073	12.239	3.8	0.	
2074	12.239	4.	0.	
2075	12.239	4.2	0.	
2076	12.239	4.4	0.	
2077	12.239	4.6	0.	
2078	12.239	4.8	0.	
2079	12.239	5.	0.	
2080	12.239	5.2	0.	
2081	12.239	5.4	0.	
2082	12.239	5.6	0.	
2083	12.239	5.8	0.	
2084	12.239	6.	0.	
2085	12.239	6.2	0.	
2086	12.239	6.4	0.	
2087	12.239	6.6	0.	
2088	12.239	6.8	0.	
2089	12.239	7.	0.	
2090	12.239	7.2	0.	
2091	12.239	7.4	0.	
2092	12.239	7.6	0.	
2093	12.239	7.8	0.	
2094	12.239	8.	0.	
2095	12.239	8.2	0.	
2096	12.239	8.4	0.	
2097	12.239	8.6	0.	
2098	12.239	8.8	0.	
2099	12.239	9.	0.	
2100	12.239	9.2	0.	
2101	12.239	9.4	0.	
2102	12.239	9.6	0.	
2103	12.239	9.8	0.	
2104	12.499	0.2	0.	
2105	12.508	0.4	0.	
2106	12.518	0.6	0.	
2107	12.528	0.8	0.	
2108	12.537	1.	0.	
2109	12.537	1.2	0.	
2110	12.537	1.4	0.	
2111	12.537	1.6	0.	
2112	12.537	1.8	0.	
2113	12.537	2.	0.	
2114	12.537	2.2	0.	
2115	12.537	2.4	0.	
2116	12.537	2.6	0.	
2117	12.537	2.8	0.	
2118	12.537	3.	0.	
2119	12.537	3.2	0.	
2120	12.537	3.4	0.	
2121	12.537	3.6	0.	
2122	12.537	3.8	0.	
2123	12.537	4.	0.	
2124	12.537	4.2	0.	
2125	12.537	4.4	0.	
2126	12.537	4.6	0.	
2127	12.537	4.8	0.	
2128	12.537	5.	0.	
2129	12.537	5.2	0.	
2130	12.537	5.4	0.	
2131	12.537	5.6	0.	
2132	12.537	5.8	0.	
2133	12.537	6.	0.	
2134	12.537	6.2	0.	
2135	12.537	6.4	0.	
2136	12.537	6.6	0.	
2137	12.537	6.8	0.	
2138	12.537	7.	0.	
2139	12.537	7.2	0.	
2140	12.537	7.4	0.	
2141	12.537	7.6	0.	
2142	12.537	7.8	0.	
2143	12.537	8.	0.	
2144	12.537	8.2	0.	
2145	12.537	8.4	0.	
2146	12.537	8.6	0.	
2147	12.537	8.8	0.	
2148	12.537	9.	0.	
2149	12.537	9.2	0.	
2150	12.537	9.4	0.	
2151	12.537	9.6	0.	
2152	12.537	9.8	0.	
2153	12.796	0.2	0.	
2154	12.806	0.4	0.	
2155	12.816	0.6	0.	
2156	12.826	0.8	0.	
2157	12.836	1.	0.	
2158	12.836	1.2	0.	
2159	12.836	1.4	0.	
2160	12.836	1.6	0.	
2161	12.836	1.8	0.	
2162	12.836	2.	0.	
2163	12.836	2.2	0.	
2164	12.836	2.4	0.	
2165	12.836	2.6	0.	
2166	12.836	2.8	0.	
2167	12.836	3.	0.	
2168	12.836	3.2	0.	
2169	12.836	3.4	0.	
2170	12.836	3.6	0.	
2171	12.836	3.8	0.	
2172	12.836	4.	0.	
2173	12.836	4.2	0.	
2174	12.836	4.4	0.	
2175	12.836	4.6	0.	
2176	12.836	4.8	0.	
2177	12.836	5.	0.	
2178	12.836	5.2	0.	
2179	12.836	5.4	0.	
2180	12.836	5.6	0.	
2181	12.836	5.8	0.	
2182	12.836	6.	0.	
2183	12.836	6.2	0.	
2184	12.836	6.4	0.	
2185	12.836	6.6	0.	
2186	12.836	6.8	0.	
2187	12.836	7.	0.	
2188	12.836	7.2	0.	
2189	12.836	7.4	0.	
2190	12.836	7.6	0.	
2191	12.836	7.8	0.	
2192	12.836	8.	0.	
2193	12.836	8.2	0.	
2194	12.836	8.4	0.	
2195	12.836	8.6	0.	
2196	12.836	8.8	0.	
2197	12.836	9.	0.	
2198	12.836	9.2	0.	
2199	12.836	9.4	0.	
2200	12.836	9.6	0.	
2201	12.836	9.8	0.	
2202	13.094	0.2	0.	
2203	13.104	0.4	0.	
2204	13.114	0.6	0.	
2205	13.124	0.8	0.	
2206	13.134	1.	0.	
2207	13.134	1.2	0.	
2208	13.134	1.4	0.	
2209	13.134	1.6	0.	
2210	13.134	1.8	0.	
2211	13.134	2.	0.	
2212	13.134	2.2	0.	
2213	13.134	2.4	0.	
2214	13.134	2.6	0.	
2215	13.134	2.8	0.	
2216	13.134	3.	0.	
2217	13.134	3.2	0.	
2218	13.134	3.4	0.	
2219	13.134	3.6	0.	
2220	13.134	3.8	0.	
2221	13.134	4.	0.	
2222	13.134	4.2	0.	
2223	13.134	4.4	0.	
2224	13.134	4.6	0.	
2225	13.134	4.8	0.	
2226	13.134	5.	0.	
2227	13.134	5.2	0.	
2228	13.134	5.4	0.	
2229	13.134	5.6	0.	
2230	13.134	5.8	0.	
2231	13.134	6.	0.	
2232	13.134	6.2	0.	
2233	13.134	6.4	0.	
2234	13.134	6.6	0.	
2235	13.134	6.8	0.	
2236	13.134	7.	0.	
2237	13.134	7.2	0.	
2238	13.134	7.4	0.	
2239	13.134	7.6	0.	
2240	13.134	7.8	0.	
2241	13.134	8.	0.	
2242	13.134	8.2	0.	
2243	13.134	8.4	0.	
2244	13.134	8.6	0.	
2245	13.134	8.8	0.	
2246	13.134	9.	0.	
2247	13.134	9.2	0.	
2248	13.134	9.4	0.	
2249	13.134	9.6	0.	
2250	13.134	9.8	0.	
2251	13.392	0.2	0.	
2252	13.402	0.4	0.	
2253	13.412	0.6	0.	
2254	13.423	0.8	0.	
2255	13.433	1.	0.	
2256	13.433	1.2	0.	
2257	13.433	1.4	0.	
2258	13.433	1.6	0.	
2259	13.433	1.8	0.	
2260	13.433	2.	0.	
2261	13.433	2.2	0.	
2262	13.433	2.4	0.	
2263	13.433	2.6	0.	
2264	13.433	2.8	0.	
2265	13.433	3.	0.	
2266	13.433	3.2	0.	
2267	13.433	3.4	0.	
2268	13.433	3.6	0.	
2269	13.433	3.8	0.	
2270	13.433	4.	0.	
2271	13.433	4.2	0.	
2272	13.433	4.4	0.	
2273	13.433	4.6	0.	
2274	13.433	4.8	0.	
2275	13.433	5.	0.	
2276	13.433	5.2	0.	
2277	13.433	5.4	0.	
2278	13.433	5.6	0.	
2279	13.433	5.8	0.	
2280	13.433	6.	0.	
2281	13.433	6.2	0.	
2282	13.433	6.4	0.	
2283	13.433	6.6	0.	
2284	13.433	6.8	0.	
2285	13.433	7.	0.	
2286	13.433	7.2	0.	
2287	13.433	7.4	0.	
2288	13.433	7.6	0.	
2289	13.433	7.8	0.	
2290	13.433	8.	0.	
2291	13.433	8.2	0.	
2292	13.433	8.4	0.	
2293	13.433	8.6	0.	
2294	13.433	8.8	0.	
2295	13.433	9.	0.	
2296	13.433	9.2	0.	
2297	13.433	9.4	0.	
2298	13.433	9.6	0.	
2299	13.433	9.8	0.	
2300	13.689	0.2	0.	
2301	13.7	0.4	0.	
2302	13.71	0.6	0.	
2303	13.721	0.8	0.	
2304	13.731	1.	0.	
2305	13.731	1.2	0.	
2306	13.731	1.4	0.	
2307	13.731	1.6	0.	
2308	13.731	1.8	0.	
2309	13.731	2.	0.	
2310	13.731	2.2	0.	
2311	13.731	2.4	0.	
2312	13.731	2.6	0.	
2313	13.731	2.8	0.	
2314	13.731	3.	0.	
2315	13.731	3.2	0.	
2316	13.731	3.4	0.	
2317	13.731	3.6	0.	
2318	13.731	3.8	0.	
2319	13.731	4.	0.	
2320	13.731	4.2	0.	
2321	13.731	4.4	0.	
2322	13.731	4.6	0.	
2323	13.731	4.8	0.	
2324	13.731	5.	0.	
2325	13.731	5.2	0.	
2326	13.731	5.4	0.	
2327	13.731	5.6	0.	
2328	13.731	5.8	0.	
2329	13.731	6.	0.	
2330	13.731	6.2	0.	
2331	13.731	6.4	0.	
2332	13.731	6.6	0.	
2333	13.731	6.8	0.	
2334	13.731	7.	0.	
2335	13.731	7.2	0.	
2336	13.731	7.4	0.	
2337	13.731	7.6	0.	
2338	13.731	7.8	0.	
2339	13.731	8.	0.	
2340	13.731	8.2	0.	
2341	13.731	8.4	0.	
2342	13.731	8.6	0.	
2343	13.731	8.8	0.	
2344	13.731	9.	0.	
2345	13.731	9.2	0.	
2346	13.731	9.4	0.	
2347	13.731	9.6	0.	
2348	13.731	9.8	0.	
2349	13.987	0.2	0.	
2350	13.997	0.4	0.	
2351	14.008	0.6	0.	
2352	14.019	0.8	0.	
2353	14.03	1.	0.	
2354	14.03	1.2	0.	
2355	14.03	1.4	0.	
2356	14.03	1.6	0.	
2357	14.03	1.8	0.	
2358	14.03	2.	0.	
2359	14.03	2.2	0.	
2360	14.03	2.4	0.	
2361	14.03	2.6	0.	
2362	14.03	2.8	0.	
2363	14.03	3.	0.	
2364	14.03	3.2	0.	
2365	14.03	3.4	0.	
2366	14.03	3.6	0.	
2367	14.03	3.8	0.	
2368	14.03	4.	0.	
2369	14.03	4.2	0.	
2370	14.03	4.4	0.	
2371	14.03	4.6	0.	
2372	14.03	4.8	0.	
2373	14.03	5.	0.	
2374	14.03	5.2	0.	
2375	14.03	5.4	0.	
2376	14.03	5.6	0.	
2377	14.03	5.8	0.	
2378	14.03	6.	0.	
2379	14.03	6.2	0.	
2380	14.03	6.4	0.	
2381	14.03	6.6	0.	
2382	14.03	6.8	0.	
2383	14.03	7.	0.	
2384	14.03	7.2	0.	
2385	14.03	7.4	0.	
2386	14.03	7.6	0.	
2387	14.03	7.8	0.	
2388	14.03	8.	0.	
2389	14.03	8.2	0.	
2390	14.03	8.4	0.	
2391	14.03	8.6	0.	
2392	14.03	8.8	0.	
2393	14.03	9.	0.	
2394	14.03	9.2	0.	
2395	14.03	9.4	0.	
2396	14.03	9.6	0.	
2397	14.03	9.8	0.	
2398	14.284	0.2	0.	
2399	14.295	0.4	0.	
2400	14.306	0.6	0.	
2401	14.317	0.8	0.	
2402	14.328	1.	0.	
2403	14.328	1.2	0.	
2404	14.328	1.4	0.	
2405	14.328	1.6	0.	
2406	14.328	1.8	0.	
2407	14.328	2.	0.	
2408	14.328	2.2	0.	
2409	14.328	2.4	0.	
2410	14.328	2.6	0.	
2411	14.328	2.8	0.	
2412	14.328	3.	0.	
2413	14.328	3.2	0.	
2414	14.328	3.4	0.	
2415	14.328	3.6	0.	
2416	14.328	3.8	0.	
2417	14.328	4.	0.	
2418	14.328	4.2	0.	
2419	14.328	4.4	0.	
2420	14.328	4.6	0.	
2421	14.328	4.8	0.	
2422	14.328	5.	0.	
2423	14.328	5.2	0.	
2424	14.328	5.4	0.	
2425	14.328	5.6	0.	
2426	14.328	5.8	0.	
2427	14.328	6.	0.	
2428	14.328	6.2	0.	
2429	14.328	6.4	0.	
2430	14.328	6.6	0.	
2431	14.328	6.8	0.	
2432	14.328	7.	0.	
2433	14.328	7.2	0.	
2434	14.328	7.4	0.	
2435	14.328	7.6	0.	
2436	14.328	7.8	0.	
2437	14.328	8.	0.	
2438	14.328	8.2	0.	
2439	14.328	8.4	0.	
2440	14.328	8.6	0.	
2441	14.328	8.8	0.	
2442	14.328	9.	0.	
2443	14.328	9.2	0.	
2444	14.328	9.4	0.	
2445	14.328	9.6	0.	
2446	14.328	9.8	0.	
2447	14.582	0.2	0.	
2448	14.593	0.4	0.	
2449	14.604	0.6	0.	
2450	14.616	0.8	0.	
2451	14.627	1.	0.	
2452	14.627	1.2	0.	
2453	14.627	1.4	0.	
2454	14.627	1.6	0.	
2455	14.627	1.8	0.	
2456	14.627	2.	0.	
2457	14.627	2.2	0.	
2458	14.627	2.4	0.	
2459	14.627	2.6	0.	
2460	14.627	2.8	0.	
2461	14.627	3.	0.	
2462	14.627	3.2	0.	
2463	14.627	3.4	0.	
2464	14.627	3.6	0.	
2465	14.627	3.8	0.	
2466	14.627	4.	0.	
2467	14.627	4.2	0.	
2468	14.627	4.4	0.	
2469	14.627	4.6	0.	
2470	14.627	4.8	0.	
2471	14.627	5.	0.	
2472	14.627	5.2	0.	
2473	14.627	5.4	0.	
2474	14.627	5.6	0.	
2475	14.627	5.8	0.	
2476	14.627	6.	0.	
2477	14.627	6.2	0.	
2478	14.627	6.4	0.	
2479	14.627	6.6	0.	
2480	14.627	6.8	0.	
2481	14.627	7.	0.	
2482	14.627	7.2	0.	
2483	14.627	7.4	0.	
2484	14.627	7.6	0.	
2485	14.627	7.8	0.	
2486	14.627	8.	0.	
2487	14.627	8.2	0.	
2488	14.627	8.4	0.	
2489	14.627	8.6	0.	
2490	14.627	8.8	0.	
2491	14.627	9.	0.	
2492	14.627	9.2	0.	
2493	14.627	9.4	0.	
2494	14.627	9.6	0.	
2495	14.627	9.8	0.	
2496	14.879	0.2	0.	
2497	14.891	0.4	0.	
2498	14.902	0.6	0.	
2499	14.914	0.8	0.	
2500	14.925	1.	0.	
2501	14.925	1.2	0.	
2502	14.925	1.4	0.	
2503	14.925	1.6	0.	
2504	14.925	1.8	0.	
2505	14.925	2.	0.	
2506	14.925	2.2	0.	
2507	14.925	2.4	0.	
2508	14.925	2.6	0.	
2509	14.925	2.8	0.	
2510	14.925	3.	0.	
2511	14.925	3.2	0.	
2512	14.925	3.4	0.	
2513	14.925	3.6	0.	
2514	14.925	3.8	0.	
2515	14.925	4.	0.	
2516	14.925	4.2	0.	
2517	14.925	4.4	0.	
2518	14.925	4.6	0.	
2519	14.925	4.8	0.	
2520	14.925	5.	0.	
2521	14.925	5.2	0.	
2522	14.925	5.4	0.	
2523	14.925	5.6	0.	
2524	14.925	5.8	0.	
2525	14.925	6.	0.	
2526	14.925	6.2	0.	
2527	14.925	6.4	0.	
2528	14.925	6.6	0.	
2529	14.925	6.8	0.	
2530	14.925	7.	0.	
2531	14.925	7.2	0.	
2532	14.925	7.4	0.	
2533	14.925	7.6	0.	
2534	14.925	7.8	0.	
2535	14.925	8.	0.	
2536	14.925	8.2	0.	
2537	14.925	8.4	0.	
2538	14.925	8.6	0.	
2539	14.925	8.8	0.	
2540	14.925	9.	0.	
2541	14.925	9.2	0.	
2542	14.925	9.4	0.	
2543	14.925	9.6	0.	
2544	14.925	9.8	0.	
2545	15.177	0.2	0.	
2546	15.189	0.4	0.	
2547	15.2	0.6	0.	
2548	15.212	0.8	0.	
2549	15.224	1.	0.	
2550	15.224	1.2	0.	
2551	15.224	1.4	0.	
2552	15.224	1.6	0.	
2553	15.224	1.8	0.	
2554	15.224	2.	0.	
2555	15.224	2.2	0.	
2556	15.224	2.4	0.	
2557	15.224	2.6	0.	
2558	15.224	2.8	0.	
2559	15.224	3.	0.	
2560	15.224	3.2	0.	
2561	15.224	3.4	0.	
2562	15.224	3.6	0.	
2563	15.224	3.8	0.	
2564	15.224	4.	0.	
2565	15.224	4.2	0.	
2566	15.224	4.4	0.	
2567	15.224	4.6	0.	
2568	15.224	4.8	0.	
2569	15.224	5.	0.	
2570	15.224	5.2	0.	
2571	15.224	5.4	0.	
2572	15.224	5.6	0.	
2573	15.224	5.8	0.	
2574	15.224	6.	0.	
2575	15.224	6.2	0.	
2576	15.224	6.4	0.	
2577	15.224	6.6	0.	
2578	15.224	6.8	0.	
2579	15.224	7.	0.	
2580	15.224	7.2	0.	
2581	15.224	7.4	0.	
2582	15.224	7.6	0.	
2583	15.224	7.8	0.	
2584	15.224	8.	0.	
2585	15.224	8.2	0.	
2586	15.224	8.4	0.	
2587	15.224	8.6	0.	
2588	15.224	8.8	0.	
2589	15.224	9.	0.	
2590	15.224	9.2	0.	
2591	15.224	9.4	0.	
2592	15.224	9.6	0.	
2593	15.224	9.8	0.	
2594	15.475	0.2	0.	
2595	15.487	0.4	0.	
2596	15.499	0.6	0.	
2597	15.51	0.8	0.	
2598	15.522	1.	0.	
2599	15.522	1.2	0.	
2600	15.522	1.4	0.	
2601	15.522	1.6	0.	
2602	15.522	1.8	0.	
2603	15.522	2.	0.	
2604	15.522	2.2	0.	
2605	15.522	2.4	0.	
2606	15.522	2.6	0.	
2607	15.522	2.8	0.	
2608	15.522	3.	0.	
2609	15.522	3.2	0.	
2610	15.522	3.4	0.	
2611	15.522	3.6	0.	
2612	15.522	3.8	0.	
2613	15.522	4.	0.	
2614	15.522	4.2	0.	
2615	15.522	4.4	0.	
2616	15.522	4.6	0.	
2617	15.522	4.8	0.	
2618	15.522	5.	0.	
2619	15.522	5.2	0.	
2620	15.522	5.4	0.	
2621	15.522	5.6	0.	
2622	15.522	5.8	0.	
2623	15.522	6.	0.	
2624	15.522	6.2	0.	
2625	15.522	6.4	0.	
2626	15.522	6.6	0.	
2627	15.522	6.8	0.	
2628	15.522	7.	0.	
2629	15.522	7.2	0.	
2630	15.522	7.4	0.	
2631	15.522	7.6	0.	
2632	15.522	7.8	0.	
2633	15.522	8.	0.	
2634	15.522	8.2	0.	
2635	15.522	8.4	0.	
2636	15.522	8.6	0.	
2637	15.522	8.8	0.	
2638	15.522	9.	0.	
2639	15.522	9.2	0.	
2640	15.522	9.4	0.	
2641	15.522	9.6	0.	
2642	15.522	9.8	0.	
2643	15.772	0.2	0.	
2644	15.784	0.4	0.	
2645	15.797	0.6	0.	
2646	15.809	0.8	0.	
2647	15.821	1.	0.	
2648	15.821	1.2	0.	
2649	15.821	1.4	0.	
2650	15.821	1.6	0.	
2651	15.821	1.8	0.	
2652	15.821	2.	0.	
2653	15.821	2.2	0.	
2654	15.821	2.4	0.	
2655	15.821	2.6	0.	
2656	15.821	2.8	0.	
2657	15.821	3.	0.	
2658	15.821	3.2	0.	
2659	15.821	3.4	0.	
2660	15.821	3.6	0.	
2661	15.821	3.8	0.	
2662	15.821	4.	0.	
2663	15.821	4.2	0.	
2664	15.821	4.4	0.	
2665	15.821	4.6	0.	
2666	15.821	4.8	0.	
2667	15.821	5.	0.	
2668	15.821	5.2	0.	
2669	15.821	5.4	0.	
2670	15.821	5.6	0.	
2671	15.821	5.8	0.	
2672	15.821	6.	0.	
2673	15.821	6.2	0.	
2674	15.821	6.4	0.	
2675	15.821	6.6	0.	
2676	15.821	6.8	0.	
2677	15.821	7.	0.	
2678	15.821	7.2	0.	
2679	15.821	7.4	0.	
2680	15.821	7.6	0.	
2681	15.821	7.8	0.	
2682	15.821	8.	0.	
2683	15.821	8.2	0.	
2684	15.821	8.4	0.	
2685	15.821	8.6	0.	
2686	15.821	8.8	0.	
2687	15.821	9.	0.	
2688	15.821	9.2	0.	
2689	15.821	9.4	0.	
2690	15.821	9.6	0.	
2691	15.821	9.8	0.	
2692	16.07	0.2	0.	
2693	16.082	0.4	0.	
2694	16.095	0.6	0.	
2695	16.107	0.8	0.	
2696	16.119	1.	0.	
2697	16.119	1.2	0.	
2698	16.119	1.4	0.	
2699	16.119	1.6	0.	
2700	16.119	1.8	0.	
2701	16.119	2.	0.	
2702	16.119	2.2	0.	
2703	16.119	2.4	0.	
2704	16.119	2.6	0.	
2705	16.119	2.8	0.	
2706	16.119	3.	0.	
2707	16.119	3.2	0.	
2708	16.119	3.4	0.	
2709	16.119	3.6	0.	
2710	16.119	3.8	0.	
2711	16.119	4.	0.	
2712	16.119	4.2	0.	
2713	16.119	4.4	0.	
2714	16.119	4.6	0.	
2715	16.119	4.8	0.	
2716	16.119	5.	0.	
2717	16.119	5.2	0.	
2718	16.119	5.4	0.	
2719	16.119	5.6	0.	
2720	16.119	5.8	0.	
2721	16.119	6.	0.	
2722	16.119	6.2	0.	
2723	16.119	6.4	0.	
2724	16.119	6.6	0.	
2725	16.119	6.8	0.	
2726	16.119	7.	0.	
2727	16.119	7.2	0.	
2728	16.119	7.4	0.	
2729	16.119	7.6	0.	
2730	16.119	7.8	0.	
2731	16.119	8.	0.	
2732	16.119	8.2	0.	
2733	16.119	8.4	0.	
2734	16.119	8.6	0.	
2735	16.119	8.8	0.	
2736	16.119	9.	0.	
2737	16.119	9.2	0.	
2738	16.119	9.4	0.	
2739	16.119	9.6	0.	
2740	16.119	9.8	0.	
2741	16.367	0.2	0.	
2742	16.38	0.4	0.	
2743	16.393	0.6	0.	
2744	16.405	0.8	0.	
2745	16.418	1.	0.	
2746	16.418	1.2	0.	
2747	16.418	1.4	0.	
2748	16.418	1.6	0.	
2749	16.418	1.8	0.	
2750	16.418	2.	0.	
2751	16.418	2.2	0.	
2752	16.418	2.4	0.	
2753	16.418	2.6	0.	
2754	16.418	2.8	0.	
2755	16.418	3.	0.	
2756	16.418	3.2	0.	
2757	16.418	3.4	0.	
2758	16.418	3.6	0.	
2759	16.418	3.8	0.	
2760	16.418	4.	0.	
2761	16.418	4.2	0.	
2762	16.418	4.4	0.	
2763	16.418	4.6	0.	
2764	16.418	4.8	0.	
2765	16.418	5.	0.	
2766	16.418	5.2	0.	
2767	16.418	5.4	0.	
2768	16.418	5.6	0.	
2769	16.418	5.8	0.	
2770	16.418	6.	0.	
2771	16.418	6.2	0.	
2772	16.418	6.4	0.	
2773	16.418	6.6	0.	
2774	16.418	6.8	0.	
2775	16.418	7.	0.	
2776	16.418	7.2	0.	
2777	16.418	7.4	0.	
2778	16.418	7.6	0.	
2779	16.418	7.8	0.	
2780	16.418	8.	0.	
2781	16.418	8.2	0.	
2782	16.418	8.4	0.	
2783	16.418	8.6	0.	
2784	16.418	8.8	0.	
2785	16.418	9.	0.	
2786	16.418	9.2	0.	
2787	16.418	9.4	0.	
2788	16.418	9.6	0.	
2789	16.418	9.8	0.	
2790	16.665	0.2	0.	
2791	16.678	0.4	0.	
2792	16.691	0.6	0.	
2793	16.704	0.8	0.	
2794	16.716	1.	0.	
2795	16.716	1.2	0.	
2796	16.716	1.4	0.	
2797	16.716	1.6	0.	
2798	16.716	1.8	0.	
2799	16.716	2.	0.	
2800	16.716	2.2	0.	
2801	16.716	2.4	0.	
2802	16.716	2.6	0.	
2803	16.716	2.8	0.	
2804	16.716	3.	0.	
2805	16.716	3.2	0.	
2806	16.716	3.4	0.	
2807	16.716	3.6	0.	
2808	16.716	3.8	0.	
2809	16.716	4.	0.	
2810	16.716	4.2	0.	
2811	16.716	4.4	0.	
2812	16.716	4.6	0.	
2813	16.716	4.8	0.	
2814	16.716	5.	0.	
2815	16.716	5.2	0.	
2816	16.716	5.4	0.	
2817	16.716	5.6	0.	
2818	16.716	5.8	0.	
2819	16.716	6.	0.	
2820	16.716	6.2	0.	
2821	16.716	6.4	0.	
2822	16.716	6.6	0.	
2823	16.716	6.8	0.	
2824	16.716	7.	0.	
2825	16.716	7.2	0.	
2826	16.716	7.4	0.	
2827	16.716	7.6	0.	
2828	16.716	7.8	0.	
2829	16.716	8.	0.	
2830	16.716	8.2	0.	
2831	16.716	8.4	0.	
2832	16.716	8.6	0.	
2833	16.716	8.8	0.	
2834	16.716	9.	0.	
2835	16.716	9.2	0.	
2836	16.716	9.4	0.	
2837	16.716	9.6	0.	
2838	16.716	9.8	0.	
2839	16.963	0.2	0.	
2840	16.976	0.4	0.	
2841	16.989	0.6	0.	
2842	17.002	0.8	0.	
2843	17.015	1.	0.	
2844	17.015	1.2	0.	
2845	17.015	1.4	0.	
2846	17.015	1.6	0.	
2847	17.015	1.8	0.	
2848	17.015	2.	0.	
2849	17.015	2.2	0.	
2850	17.015	2.4	0.	
2851	17.015	2.6	0.	
2852	17.015	2.8	0.	
2853	17.015	3.	0.	
2854	17.015	3.2	0.	
2855	17.015	3.4	0.	
2856	17.015	3.6	0.	
2857	17.015	3.8	0.	
2858	17.015	4.	0.	
2859	17.015	4.2	0.	
2860	17.015	4.4	0.	
2861	17.015	4.6	0.	
2862	17.015	4.8	0.	
2863	17.015	5.	0.	
2864	17.015	5.2	0.	
2865	17.015	5.4	0.	
2866	17.015	5.6	0.	
2867	17.015	5.8	0.	
2868	17.015	6.	0.	
2869	17.015	6.2	0.	
2870	17.015	6.4	0.	
2871	17.015	6.6	0.	
2872	17.015	6.8	0.	
2873	17.015	7.	0.	
2874	17.015	7.2	0.	
2875	17.015	7.4	0.	
2876	17.015	7.6	0.	
2877	17.015	7.8	0.	
2878	17.015	8.	0.	
2879	17.015	8.2	0.	
2880	17.015	8.4	0.	
2881	17.015	8.6	0.	
2882	17.015	8.8	0.	
2883	17.015	9.	0.	
2884	17.015	9.2	0.	
2885	17.015	9.4	0.	
2886	17.015	9.6	0.	
2887	17.015	9.8	0.	
2888	17.26	0.2	0.	
2889	17.274	0.4	0.	
2890	17.287	0.6	0.	
2891	17.3	0.8	0.	
2892	17.313	1.	0.	
2893	17.313	1.2	0.	
2894	17.313	1.4	0.	
2895	17.313	1.6	0.	
2896	17.313	1.8	0.	
2897	17.313	2.	0.	
2898	17.313	2.2	0.	
2899	17.313	2.4	0.	
2900	17.313	2.6	0.	
2901	17.313	2.8	0.	
2902	17.313	3.	0.	
2903	17.313	3.2	0.	
2904	17.313	3.4	0.	
2905	17.313	3.6	0.	
2906	17.313	3.8	0.	
2907	17.313	4.	0.	
2908	17.313	4.2	0.	
2909	17.313	4.4	0.	
2910	17.313	4.6	0.	
2911	17.313	4.8	0.	
2912	17.313	5.	0.	
2913	17.313	5.2	0.	
2914	17.313	5.4	0.	
2915	17.313	5.6	0.	
2916	17.313	5.8	0.	
2917	17.313	6.	0.	
2918	17.313	6.2	0.	
2919	17.313	6.4	0.	
2920	17.313	6.6	0.	
2921	17.313	6.8	0.	
2922	17.313	7.	0.	
2923	17.313	7.2	0.	
2924	17.313	7.4	0.	
2925	17.313	7.6	0.	
2926	17.313	7.8	0.	
2927	17.313	8.	0.	
2928	17.313	8.2	0.	
2929	17.313	8.4	0.	
2930	17.313	8.6	0.	
2931	17.313	8.8	0.	
2932	17.313	9.	0.	
2933	17.313	9.2	0.	
2934	17.313	9.4	0.	
2935	17.313	9.6	0.	
2936	17.313	9.8	0.	
2937	17.558	0.2	0.	
2938	17.571	0.4	0.	
2939	17.585	0.6	0.	
2940	17.598	0.8	0.	
2941	17.612	1.	0.	
2942	17.612	1.2	0.	
2943	17.612	1.4	0.	
2944	17.612	1.6	0.	
2945	17.612	1.8	0.	
2946	17.612	2.	0.	
2947	17.612	2.2	0.	
2948	17.612	2.4	0.	
2949	17.612	2.6	0.	
2950	17.612	2.8	0.	
2951	17.612	3.	0.	
2952	17.612	3.2	0.	
2953	17.612	3.4	0.	
2954	17.612	3.6	0.	
2955	17.612	3.8	0.	
2956	17.612	4.	0.	
2957	17.612	4.2	0.	
2958	17.612	4.4	0.	
2959	17.612	4.6	0.	
2960	17.612	4.8	0.	
2961	17.612	5.	0.	
2962	17.612	5.2	0.	
2963	17.612	5.4	0.	
2964	17.612	5.6	0.	
2965	17.612	5.8	0.	
2966	17.612	6.	0.	
2967	17.612	6.2	0.	
2968	17.612	6.4	0.	
2969	17.612	6.6	0.	
2970	17.612	6.8	0.	
2971	17.612	7.	0.	
2972	17.612	7.2	0.	
2973	17.612	7.4	0.	
2974	17.612	7.6	0.	
2975	17.612	7.8	0.	
2976	17.612	8.	0.	
2977	17.612	8.2	0.	
2978	17.612	8.4	0.	
2979	17.612	8.6	0.	
2980	17.612	8.8	0.	
2981	17.612	9.	0.	
2982	17.612	9.2	0.	
2983	17.612	9.4	0.	
2984	17.612	9.6	0.	
2985	17.612	9.8	0.	
2986	17.855	0.2	0.	
2987	17.869	0.4	0.	
2988	17.883	0.6	0.	
2989	17.897	0.8	0.	
2990	17.91	1.	0.	
2991	17.91	1.2	0.	
2992	17.91	1.4	0.	
2993	17.91	1.6	0.	
2994	17.91	1.8	0.	
2995	17.91	2.	0.	
2996	17.91	2.2	0.	
2997	17.91	2.4	0.	
2998	17.91	2.6	0.	
2999	17.91	2.8	0.	
3000	17.91	3.	0.	
3001	17.91	3.2	0.	
3002	17.91	3.4	0.	
3003	17.91	3.6	0.	
3004	17.91	3.8	0.	
3005	17.91	4.	0.	
3006	17.91	4.2	0.	
3007	17.91	4.4	0.	
3008	17.91	4.6	0.	
3009	17.91	4.8	0.	
3010	17.91	5.	0.	
3011	17.91	5.2	0.	
3012	17.91	5.4	0.	
3013	17.91	5.6	0.	
3014	17.91	5.8	0.	
3015	17.91	6.	0.	
3016	17.91	6.2	0.	
3017	17.91	6.4	0.	
3018	17.91	6.6	0.	
3019	17.91	6.8	0.	
3020	17.91	7.	0.	
3021	17.91	7.2	0.	
3022	17.91	7.4	0.	
3023	17.91	7.6	0.	
3024	17.91	7.8	0.	
3025	17.91	8.	0.	
3026	17.91	8.2	0.	
3027	17.91	8.4	0.	
3028	17.91	8.6	0.	
3029	17.91	8.8	0.	
3030	17.91	9.	0.	
3031	17.91	9.2	0.	
3032	17.91	9.4	0.	
3033	17.91	9.6	0.	
3034	17.91	9.8	0.	
3035	18.153	0.2	0.	
3036	18.167	0.4	0.	
3037	18.181	0.6	0.	
3038	18.195	0.8	0.	
3039	18.209	1.	0.	
3040	18.209	1.2	0.	
3041	18.209	1.4	0.	
3042	18.209	1.6	0.	
3043	18.209	1.8	0.	
3044	18.209	2.	0.	
3045	18.209	2.2	0.	
3046	18.209	2.4	0.	
3047	18.209	2.6	0.	
3048	18.209	2.8	0.	
3049	18.209	3.	0.	
3050	18.209	3.2	0.	
3051	18.209	3.4	0.	
3052	18.209	3.6	0.	
3053	18.209	3.8	0.	
3054	18.209	4.	0.	
3055	18.209	4.2	0.	
3056	18.209	4.4	0.	
3057	18.209	4.6	0.	
3058	18.209	4.8	0.	
3059	18.209	5.	0.	
3060	18.209	5.2	0.	
3061	18.209	5.4	0.	
3062	18.209	5.6	0.	
3063	18.209	5.8	0.	
3064	18.209	6.	0.	
3065	18.209	6.2	0.	
3066	18.209	6.4	0.	
3067	18.209	6.6	0.	
3068	18.209	6.8	0.	
3069	18.209	7.	0.	
3070	18.209	7.2	0.	
3071	18.209	7.4	0.	
3072	18.209	7.6	0.	
3073	18.209	7.8	0.	
3074	18.209	8.	0.	
3075	18.209	8.2	0.	
3076	18.209	8.4	0.	
3077	18.209	8.6	0.	
3078	18.209	8.8	0.	
3079	18.209	9.	0.	
3080	18.209	9.2	0.	
3081	18.209	9.4	0.	
3082	18.209	9.6	0.	
3083	18.209	9.8	0.	
3084	18.451	0.2	0.	
3085	18.465	0.4	0.	
3086	18.479	0.6	0.	
3087	18.493	0.8	0.	
3088	18.507	1.	0.	
3089	18.507	1.2	0.	
3090	18.507	1.4	0.	
3091	18.507	1.6	0.	
3092	18.507	1.8	0.	
3093	18.507	2.	0.	
3094	18.507	2.2	0.	
3095	18.507	2.4	0.	
3096	18.507	2.6	0.	
3097	18.507	2.8	0.	
3098	18.507	3.	0.	
3099	18.507	3.2	0.	
3100	18.507	3.4	0.	
3101	18.507	3.6	0.	
3102	18.507	3.8	0.	
3103	18.507	4.	0.	
3104	18.507	4.2	0.	
3105	18.507	4.4	0.	
3106	18.507	4.6	0.	
3107	18.507	4.8	0.	
3108	18.507	5.	0.	
3109	18.507	5.2	0.	
3110	18.507	5.4	0.	
3111	18.507	5.6	0.	
3112	18.507	5.8	0.	
3113	18.507	6.	0.	
3114	18.507	6.2	0.	
3115	18.507	6.4	0.	
3116	18.507	6.6	0.	
3117	18.507	6.8	0.	
3118	18.507	7.	0.	
3119	18.507	7.2	0.	
3120	18.507	7.4	0.	
3121	18.507	7.6	0.	
3122	18.507	7.8	0.	
3123	18.507	8.	0.	
3124	18.507	8.2	0.	
3125	18.507	8.4	0.	
3126	18.507	8.6	0.	
3127	18.507	8.8	0.	
3128	18.507	9.	0.	
3129	18.507	9.2	0.	
3130	18.507	9.4	0.	
3131	18.507	9.6	0.	
3132	18.507	9.8	0.	
3133	18.748	0.2	0.	
3134	18.763	0.4	0.	
3135	18.777	0.6	0.	
3136	18.792	0.8	0.	
3137	18.806	1.	0.	
3138	18.806	1.2	0.	
3139	18.806	1.4	0.	
3140	18.806	1.6	0.	
3141	18.806	1.8	0.	
3142	18.806	2.	0.	
3143	18.806	2.2	0.	
3144	18.806	2.4	0.	
3145	18.806	2.6	0.	
3146	18.806	2.8	0.	
3147	18.806	3.	0.	
3148	18.806	3.2	0.	
3149	18.806	3.4	0.	
3150	18.806	3.6	0.	
3151	18.806	3.8	0.	
3152	18.806	4.	0.	
3153	18.806	4.2	0.	
3154	18.806	4.4	0.	
3155	18.806	4.6	0.	
3156	18.806	4.8	0.	
3157	18.806	5.	0.	
3158	18.806	5.2	0.	
3159	18.806	5.4	0.	
3160	18.806	5.6	0.	
3161	18.806	5.8	0.	
3162	18.806	6.	0.	
3163	18.806	6.2	0.	
3164	18.806	6.4	0.	
3165	18.806	6.6	0.	
3166	18.806	6.8	0.	
3167	18.806	7.	0.	
3168	18.806	7.2	0.	
3169	18.806	7.4	0.	
3170	18.806	7.6	0.	
3171	18.806	7.8	0.	
3172	18.806	8.	0.	
3173	18.806	8.2	0.	
3174	18.806	8.4	0.	
3175	18.806	8.6	0.	
3176	18.806	8.8	0.	
3177	18.806	9.	0.	
3178	18.806	9.2	0.	
3179	18.806	9.4	0.	
3180	18.806	9.6	0.	
3181	18.806	9.8	0.	
3182	19.046	0.2	0.	
3183	19.06	0.4	0.	
3184	19.075	0.6	0.	
3185	19.09	0.8	0.	
3186	19.104	1.	0.	
3187	19.104	1.2	0.	
3188	19.104	1.4	0.	
3189	19.104	1.6	0.	
3190	19.104	1.8	0.	
3191	19.104	2.	0.	
3192	19.104	2.2	0.	
3193	19.104	2.4	0.	
3194	19.104	2.6	0.	
3195	19.104	2.8	0.	
3196	19.104	3.	0.	
3197	19.104	3.2	0.	
3198	19.104	3.4	0.	
3199	19.104	3.6	0.	
3200	19.104	3.8	0.	
3201	19.104	4.	0.	
3202	19.104	4.2	0.	
3203	19.104	4.4	0.	
3204	19.104	4.6	0.	
3205	19.104	4.8	0.	
3206	19.104	5.	0.	
3207	19.104	5.2	0.	
3208	19.104	5.4	0.	
3209	19.104	5.6	0.	
3210	19.104	5.8	0.	
3211	19.104	6.	0.	
3212	19.104	6.2	0.	
3213	19.104	6.4	0.	
3214	19.104	6.6	0.	
3215	19.104	6.8	0.	
3216	19.104	7.	0.	
3217	19.104	7.2	0.	
3218	19.104	7.4	0.	
3219	19.104	7.6	0.	
3220	19.104	7.8	0.	
3221	19.104	8.	0.	
3222	19.104	8.2	0.	
3223	19.104	8.4	0.	
3224	19.104	8.6	0.	
3225	19.104	8.8	0.	
3226	19.104	9.	0.	
3227	19.104	9.2	0.	
3228	19.104	9.4	0.	
3229	19.104	9.6	0.	
3230	19.104	9.8	0.	
3231	19.343	0.2	0.	
3232	19.358	0.4	0.	
3233	19.373	0.6	0.	
3234	19.388	0.8	0.	
3235	19.403	1.	0.	
3236	19.403	1.2	0.	
3237	19.403	1.4	0.	
3238	19.403	1.6	0.	
3239	19.403	1.8	0.	
3240	19.403	2.	0.	
3241	19.403	2.2	0.	
3242	19.403	2.4	0.	
3243	19.403	2.6	0.	
3244	19.403	2.8	0.	
3245	19.403	3.	0.	
3246	19.403	3.2	0.	
3247	19.403	3.4	0.	
3248	19.403	3.6	0.	
3249	19.403	3.8	0.	
3250	19.403	4.	0.	
3251	19.403	4.2	0.	
3252	19.403	4.4	0.	
3253	19.403	4.6	0.	
3254	19.403	4.8	0.	
3255	19.403	5.	0.	
3256	19.403	5.2	0.	
3257	19.403	5.4	0.	
3258	19.403	5.6	0.	
3259	19.403	5.8	0.	
3260	19.403	6.	0.	
3261	19.403	6.2	0.	
3262	19.403	6.4	0.	
3263	19.403	6.6	0.	
3264	19.403	6.8	0.	
3265	19.403	7.	0.	
3266	19.403	7.2	0.	
3267	19.403	7.4	0.	
3268	19.403	7.6	0.	
3269	19.403	7.8	0.	
3270	19.403	8.	0.	
3271	19.403	8.2	0.	
3272	19.403	8.4	0.	
3273	19.403	8.6	0.	
3274	19.403	8.8	0.	
3275	19.403	9.	0.	
3276	19.403	9.2	0.	
3277	19.403	9.4	0.	
3278	19.403	9.6	0.	
3279	19.403	9.8	0.	
3280	19.641	0.2	0.	
3281	19.656	0.4	0.	
3282	19.671	0.6	0.	
3283	19.686	0.8	0.	
3284	19.701	1.	0.	
3285	19.701	1.2	0.	
3286	19.701	1.4	0.	
3287	19.701	1.6	0.	
3288	19.701	1.8	0.	
3289	19.701	2.	0.	
3290	19.701	2.2	0.	
3291	19.701	2.4	0.	
3292	19.701	2.6	0.	
3293	19.701	2.8	0.	
3294	19.701	3.	0.	
3295	19.701	3.2	0.	
3296	19.701	3.4	0.	
3297	19.701	3.6	0.	
3298	19.701	3.8	0.	
3299	19.701	4.	0.	
3300	19.701	4.2	0.	
3301	19.701	4.4	0.	
3302	19.701	4.6	0.	
3303	19.701	4.8	0.	
3304	19.701	5.	0.	
3305	19.701	5.2	0.	
3306	19.701	5.4	0.	
3307	19.701	5.6	0.	
3308	19.701	5.8	0.	
3309	19.701	6.	0.	
3310	19.701	6.2	0.	
3311	19.701	6.4	0.	
3312	19.701	6.6	0.	
3313	19.701	6.8	0.	
3314	19.701	7.	0.	
3315	19.701	7.2	0.	
3316	19.701	7.4	0.	
3317	19.701	7.6	0.	
3318	19.701	7.8	0.	
3319	19.701	8.	0.	
3320	19.701	8.2	0.	
3321	19.701	8.4	0.	
3322	19.701	8.6	0.	
3323	19.701	8.8	0.	
3324	19.701	9.	0.	
3325	19.701	9.2	0.	
3326	19.701	9.4	0.	
3327	19.701	9.6	0.	
3328	19.701	9.8	0.	
3329	19.985	0.8	0.	
3330	19.969	0.6	0.	
3331	19.954	0.4	0.	
3332	19.938	0.2	0.	
3333	20.	9.8	0.	
3334	20.	9.6	0.	
3335	20.	9.4	0.	
3336	20.	9.2	0.	
3337	20.	9.	0.	
3338	20.	8.8	0.	
3339	20.	8.6	0.	
3340	20.	8.4	0.	
3341	20.	8.2	0.	
3342	20.	8.	0.	
3343	20.	7.8	0.	
3344	20.	7.6	0.	
3345	20.	7.4	0.	
3346	20.	7.2	0.	
3347	20.	7.	0.	
3348	20.	6.8	0.	
3349	20.	6.6	0.	
3350	20.	6.4	0.	
3351	20.	6.2	0.	
3352	20.	6.	0.	
3353	20.	5.8	0.	
3354	20.	5.6	0.	
3355	20.	5.4	0.	
3356	20.	5.2	0.	
3357	20.	5.	0.	
3358	20.	4.8	0.	
3359	20.	4.6	0.	
3360	20.	4.4	0.	
3361	20.	4.2	0.	
3362	20.	4.	0.	
3363	20.	3.8	0.	
3364	20.	3.6	0.	
3365	20.	3.4	0.	
3366	20.	3.2	0.	
3367	20.	3.	0.	
3368	20.	2.8	0.	
3369	20.	2.6	0.	
3370	20.	2.4	0.	
3371	20.	2.2	0.	
3372	20.	2.	0.	
3373	20.	1.8	0.	
3374	20.	1.6	0.	
3375	20.	1.4	0.	
3376	20.	1.2	0.	
3377	26.468	1.	0.	
3378	26.174	1.	0.	
3379	25.88	1.	0.	
3380	25.586	1.	0.	
3381	25.292	1.	0.	
3382	24.998	1.	0.	
3383	24.704	1.	0.	
3384	24.41	1.	0.	
3385	24.116	1.	0.	
3386	23.822	1.	0.	
3387	23.528	1.	0.	
3388	23.234	1.	0.	
3389	22.94	1.	0.	
3390	22.646	1.	0.	
3391	22.352	1.	0.	
3392	22.058	1.	0.	
3393	21.764	1.	0.	
3394	21.47	1.	0.	
3395	21.176	1.	0.	
3396	20.882	1.	0.	
3397	20.588	1.	0.	
3398	20.294	1.	0.	
3399	26.762	0.8	0.	
3400	26.762	0.6	0.	
3401	26.762	0.4	0.	
3402	26.762	0.2	0.	
3403	26.465	0.	0.	
3404	26.168	0.	0.	
3405	25.87	0.	0.	
3406	25.573	0.	0.	
3407	25.276	0.	0.	
3408	24.978	0.	0.	
3409	24.681	0.	0.	
3410	24.384	0.	0.	
3411	24.086	0.	0.	
3412	23.789	0.	0.	
3413	23.491	0.	0.	
3414	23.194	0.	0.	
3415	22.897	0.	0.	
3416	22.599	0.	0.	
3417	22.302	0.	0.	
3418	22.005	0.	0.	
3419	21.707	0.	0.	
3420	21.41	0.	0.	
3421	21.113	0.	0.	
3422	20.815	0.	0.	
3423	20.518	0.	0.	
3424	20.22	0.	0.	
3425	19.923	0.	0.	
3426	19.626	0.	0.	
3427	19.328	0.	0.	
3428	19.031	0.	0.	
3429	18.734	0.	0.	
3430	18.436	0.	0.	
3431	18.139	0.	0.	
3432	17.842	0.	0.	
3433	17.544	0.	0.	
3434	17.247	0.	0.	
3435	16.95	0.	0.	
3436	16.652	0.	0.	
3437	16.355	0.	0.	
3438	16.057	0.	0.	
3439	15.76	0.	0.	
3440	15.463	0.	0.	
3441	15.165	0.	0.	
3442	14.868	0.	0.	
3443	14.571	0.	0.	
3444	14.273	0.	0.	
3445	13.976	0.	0.	
3446	13.679	0.	0.	
3447	13.381	0.	0.	
3448	13.084	0.	0.	
3449	12.786	0.	0.	
3450	12.489	0.	0.	
3451	12.192	0.	0.	
3452	11.894	0.	0.	
3453	11.597	0.	0.	
3454	11.3	0.	0.	
3455	11.002	0.	0.	
3456	10.705	0.	0.	
3457	10.408	0.	0.	
3458	10.11	0.	0.	
3459	9.8129	0.	0.	
3460	9.5155	0.	0.	
3461	9.2182	0.	0.	
3462	8.9208	0.	0.	
3463	8.6234	0.	0.	
3464	8.3261	0.	0.	
3465	8.0287	0.	0.	
3466	7.7314	0.	0.	
3467	7.434	0.	0.	
3468	7.1366	0.	0.	
3469	6.8393	0.	0.	
3470	6.5419	0.	0.	
3471	6.2446	0.	0.	
3472	5.9472	0.	0.	
3473	5.6498	0.	0.	
3474	5.3525	0.	0.	
3475	5.0551	0.	0.	
3476	4.7578	0.	0.	
3477	4.4604	0.	0.	
3478	4.163	0.	0.	
3479	3.8657	0.	0.	
3480	3.5683	0.	0.	
3481	3.271	0.	0.	
3482	2.9736	0.	0.	
3483	2.6762	0.	0.	
3484	2.3789	0.	0.	
3485	2.0815	0.	0.	
3486	1.7842	0.	0.	
3487	1.4868	0.	0.	
3488	1.1894	0.	0.	
3489	0.89208	0.	0.	
3490	0.59472	0.	0.	
3491	0.29736	0.	0.	
3492	2.4492e-017	0.2	0.	
3493	4.8984e-017	0.4	0.	
3494	7.3476e-017	0.6	0.	
3495	9.7969e-017	0.8	0.	
3496	1.2246e-016	1.	0.	
3497	1.4695e-016	1.2	0.	
3498	1.7144e-016	1.4	0.	
3499	1.9594e-016	1.6	0.	
3500	2.2043e-016	1.8	0.	
3501	2.4492e-016	2.	0.	
3502	2.6941e-016	2.2	0.	
3503	2.9391e-016	2.4	0.	
3504	3.184e-016	2.6	0.	
3505	3.4289e-016	2.8	0.	
3506	3.6738e-016	3.	0.	
3507	3.9187e-016	3.2	0.	
3508	4.1637e-016	3.4	0.	
3509	4.4086e-016	3.6	0.	
3510	4.6535e-016	3.8	0.	
3511	4.8984e-016	4.	0.	
3512	5.1433e-016	4.2	0.	
3513	5.3883e-016	4.4	0.	
3514	5.6332e-016	4.6	0.	
3515	5.8781e-016	4.8	0.	
3516	6.123e-016	5.	0.	
3517	6.368e-016	5.2	0.	
3518	6.6129e-016	5.4	0.	
3519	6.8578e-016	5.6	0.	
3520	7.1027e-016	5.8	0.	
3521	7.3476e-016	6.	0.	
3522	7.5926e-016	6.2	0.	
3523	7.8375e-016	6.4	0.	
3524	8.0824e-016	6.6	0.	
3525	8.3273e-016	6.8	0.	
3526	8.5722e-016	7.	0.	
3527	8.8172e-016	7.2	0.	
3528	9.0621e-016	7.4	0.	
3529	9.307e-016	7.6	0.	
3530	9.5519e-016	7.8	0.	
3531	9.7969e-016	8.	0.	
3532	1.0042e-015	8.2	0.	
3533	1.0287e-015	8.4	0.	
3534	1.0532e-015	8.6	0.	
3535	1.0777e-015	8.8	0.	
3536	1.1021e-015	9.	0.	
3537	1.1266e-015	9.2	0.	
3538	1.1511e-015	9.4	0.	
3539	1.1756e-015	9.6	0.	
3540	1.2001e-015	9.8	0.	
3541	0.29851	10.	0.	
3542	0.59701	10.	0.	
3543	0.89552	10.	0.	
3544	1.194	10.	0.	
3545	1.4925	10.	0.	
3546	1.791	10.	0.	
3547	2.0896	10.	0.	
3548	2.3881	10.	0.	
3549	2.6866	10.	0.	
3550	2.9851	10.	0.	
3551	3.2836	10.	0.	
3552	3.5821	10.	0.	
3553	3.8806	10.	0.	
3554	4.1791	10.	0.	
3555	4.4776	10.	0.	
3556	4.7761	10.	0.	
3557	5.0746	10.	0.	
3558	5.3731	10.	0.	
3559	5.6716	10.	0.	
3560	5.9701	10.	0.	
3561	6.2687	10.	0.	
3562	6.5672	10.	0.	
3563	6.8657	10.	0.	
3564	7.1642	10.	0.	
3565	7.4627	10.	0.	
3566	7.7612	10.	0.	
3567	8.0597	10.	0.	
3568	8.3582	10.	0.	
3569	8.6567	10.	0.	
3570	8.9552	10.	0.	
3571	9.2537	10.	0.	
3572	9.5522	10.	0.	
3573	9.8507	10.	0.	
3574	10.149	10.	0.	
3575	10.448	10.	0.	
3576	10.746	10.	0.	
3577	11.045	10.	0.	
3578	11.343	10.	0.	
3579	11.642	10.	0.	
3580	11.94	10.	0.	
3581	12.239	10.	0.	
3582	12.537	10.	0.	
3583	12.836	10.	0.	
3584	13.134	10.	0.	
3585	13.433	10.	0.	
3586	13.731	10.	0.	
3587	14.03	10.	0.	
3588	14.328	10.	0.	
3589	14.627	10.	0.	
3590	14.925	10.	0.	
3591	15.224	10.	0.	
3592	15.522	10.	0.	
3593	15.821	10.	0.	
3594	16.119	10.	0.	
3595	16.418	10.	0.	
3596	16.716	10.	0.	
3597	17.015	10.	0.	
3598	17.313	10.	0.	
3599	17.612	10.	0.	
3600	17.91	10.	0.	
3601	18.209	10.	0.	
3602	18.507	10.	0.	
3603	18.806	10.	0.	
3604	19.104	10.	0.	
3605	19.403	10.	0.	
3606	19.701	10.	0.	
